1913374963
1279949377
1835016500
389805378
1058534542
2129389565
331366255
-651430122
1153479811
374882523
2121125552
-1607139976
-343811100
-1622996603
-2098556185
-706574838
-1944996198
-1498250187
629429049
-514879409
818665131
999567024
-475548961
-445002042
-207294017
-1236882574
-1525861299
-9546438
692097759
1732020778
-1173304682
-27109288
-200694656
-132209816
-1213817586
-2048929151
-1195698496
235666324
-1016733392
-1000922655
-1059707410
855662882
374140610
333706176
1666712912
-951436797
-1586499017
958730520
-1730612705
-41208738
-151658157
-1712594842
2052780758
-481898881
-371354091
-595480379
-508639573
-1598232049
-364956720
1703813687
196725085
1274928773
-2007221606
797654854
-1873817808
2013839068
-250417942
1617501131
1560296757
-1734621562
-1200624772
-909374195
1080418767
560603551
493038456
1936576269
1585271153
585729126
-1169446190
1322986271
75353004
-216185368
-1822456077
-179506244
1877797992
82571773
-869508711
-1661703786
1768271217
2011661944
1254490107
1744854509
68123701
-1539321959
-537382864
2116134433
1598711755
639211462
-2110684976
-1901415289
752986935
-671310214
-81475877
-19961217
-1150937108
548768381
1887956441
306673605
-563731311
-987215019
757444163
1306974984
-850287608
-1788699140
1659487777
-2132453448
-1036818261
1157998802
-1897555981
-1278806748
323704792
890823381
533025749
1885657795
-902319697
130529806
-871624995
-1095295535
1896124698
1487842638
435121351
-218803171
1298458637
-1384919782
1293008852
1017970721
1825078286
-1649289245
-1193032978
1489644114
1563862775
-1107532422
929387024
-75514951
-552738822
725013954
-1114716956
1875013059
793006310
-1059129690
522375085
-1847434412
818281384
1502057805
-1790767514
251445025
-363777005
-1278316916
1948229163
-1530934466
-1124437533
719073948
1052535000
-1047427594
-494092545
-952856564
1783432943
902932442
713836029
-561546760
1062362047
-789743844
1425327339
-1768678021
1538478017
-1987249123
-1692014516
-348046751
146558276
-997823677
-32779679
169202465
1753703245
465426448
1555190441
-663197687
436810424
-1444641424
2085982633
-1379257925
1746733474
-345217199
1659581679
-1042870569
413978890
490318200
1263222612
-1838540551
330805429
535121810
785396098
-882764571
415534419
402735753
1203383990
-1163906559
-1300511521
-1442881767
-233231931
1876872451
1307954507
6445474
448683619
-1356518934
1946327387
234392383
-1393190237
1583896881
1753737168
1364065302
-1664410439
322485314
357753033
-209436943
-1129641721
-1889608407
-191126170
2022961678
1047772246
-96367223
1648342446
1927608626
-773554589
1411023058
732057778
895993091
-924428130
1318966708
-1552928014
1462451095
-1916463827
1745633998
-898214146
-686811576
1414179382
-789652822
261200992
-1225537335
353342814
1966512877
-1464371015
951731582
645327756
375995082
-462022871
1446982407
-1057677071
287829176
5016052
1017931549
1219284300
1945372516
-484314527
1027390113
-1252200342
-220149273
-1909669147
-699430158
122714860
-215961797
-2012643455
-786269058
-1934155956
89130219
-137191320
1741443739
986427169
1162197258
2130803428
-2056458089
2041350306
89035621
721048697
1429461005
755947624
675696123
-2136734646
-316688262
926790519
-1924841299
-1081227589
879682575
727862654
-674196431
-47437993
-1931362872
-534589602
-874106804
-1109383948
-294816580
1484362216
-182658752
-1224084459
1343135927
1316929770
-1499189118
-1919220850
2068878341
519744108
-965243729
-1246681234
-334006640
-180928969
-1278092095
1006571032
-1601667539
-1192525418
-819983747
-949722189
-825436110
1015282528
1267896367
-1168488509
1025579083
-1665704907
-2025441895
520026392
1835810957
1267132166
-368629720
802544614
1035384523
1153326555
1798365801
2029993525
-343229656
-788564272
1080071866
-67273093
1187853293
-1298064032
-1344859836
-1722582906
439804572
-848624667
-1648212696
-1851630433
-2122099131
1136281951
-1435109128
-508865300
-1058263273
-1725679757
-870431128
-470049514
-1143175367
-394765129
1609425221
911208491
-80636710
1632864044
410343845
-1171885884
991615366
-1802935541
-1074803361
1707372394
922579643
516080068
19184829
-546852043
870539196
-905261757
-951716240
-844027723
154718372
-1713001612
-265564477
-791602410
-651767107
1982813705
599856659
98261886
-1627656686
1739172474
2056487550
992737977
1476954178
-234031539
-74153766
-265586408
190718103
-354516073
-647913239
1447792789
-465716906
-561714750
690688202
-1425801925
317915736
1313482383
-1279140943
-316086332
765401305
-1099447458
-1816207398
-1989486973
1599008911
465144493
-582045766
-1402320764
887536126
-1497919010
1279119992
1657233137
908909066
-1935631556
1587812251
590887095
2060732109
392827967
-1119555069
1110893672
-384868950
-249875441
-106557923
-1132327838
-231635294
382533190
-1942186159
-1145454287
863451365
-1839124998
1579475135
-652999119
-227461972
-242332423
-1059101397
-205847432
-1492580795
1174371158
1858687541
488703986
-1511905681
-1725256924
1739985613
-1280005428
373050343
2137543809
1232243941
-165555434
330351170
1963189718
726795879
-1124964701
-1485972995
229405788
1097852264
1479268659
-214907438
-1625198367
1330691998
-390793005
-613451444
-613456693
-1656722161
-1272865660
-349610851
-238224547
259133963
-1959257829
1542384047
-144123080
-1262332836
845062247
-1122138504
-8580059
-1538576453
-44241256
-682741614
-469424879
-254588
1338042846
566939146
180346456
375423917
653989968
-2000210057
-1393122234
-1041654028
355602447
-916959410
1477957081
-1750049705
1645888939
1291106933
-1983226932
1039586761
1142021316
116395541
-1073962032
1392010786
362176244
1276806836
-456029156
-770537386
-64717588
750558338
997327656
2134898153
-202359332
1422330098
1978818484
-494749534
-1847181032
-2105208436
1105638670
225518462
-515049992
-89641983
-1053710443
1071965927
-2040074753
241258367
860718456
1963635749
568700222
1856866118
-1324898365
-1828445163
-737239814
473995899
-1247649892
-63646441
-1737882484
-825107140
886174665
1701770316
233712776
-1908637964
-515018124
1455597057
-1978200031
1562765807
-1007396046
-1862860443
561856716
-2064512976
1410753857
-1628793982
-1803231198
-1493794430
1719330321
998546794
-454568950
-597997876
-963011579
2042593712
1064081686
640155305
1817108858
132650266
-28485843
1323509560
-1938715641
-1330329964
-622257045
1344340271
1280375814
-812461466
445866564
-844261322
2072387667
-1464404823
687096047
1457421426
1021997651
207769335
-592579327
-1035075233
322186808
-425495199
-1490904233
436934114
-135836798
350672549
1753171769
2070284702
1614739912
1076425632
736089787
-416033914
-1012161097
1892686337
-290379418
-85545550
113101403
1868207679
-257057512
-1317791114
1276514973
-697724724
690615592
-1175607631
259493644
2122320522
287772621
1513291106
228656095
-716133250
1241451967
-1149689728
-1839295686
-387162429
-53817314
2110511881
362104752
-842081600
2030497939
1953218651
471745289
1558555805
1473091509
-130265917
-1570794172
-1753131022
-1637034579
-1533346989
-1192427553
-1041787967
1299669275
-13540104
-1084544683
624480678
-488120261
971095243
-485227289
-2050325428
1691164739
1074675111
1336111775
-2026186461
7855888
-1150198533
803167121
983161167
2122910464
-372910368
465489507
-397466141
952737057
-1998919827
2045239312
1042465614
-1046253174
-341686966
1580487912
-2059229163
-2002468343
1837805955
1944671706
2072380098
-504486146
-78434146
-77679115
701131547
2047165062
-1498398481
60197932
1448506007
1518631387
635281961
151922009
1894795277
-926785287
2127331896
-2145545596
1980654254
-334381947
-934862002
-1966385308
-495753163
-404406806
257969980
-196215515
2011546204
-315597371
-837407742
1338871147
164009873
1477507202
-1904917079
-795657834
-2074928406
-1050439353
-50208433
-1342852537
-829003947
-1449238768
-889524862
221573923
1690393107
426608666
-429186095
2103477974
-1442766746
-145936507
540159904
-1718646949
-45847416
1979988276
-797381060
-530456967
-823491105
-1599281161
899750958
423004816
-44652433
-1004094996
-1980628012
-67441771
-15374448
228534049
1447625004
1546869850
837355488
-795531650
-1523716365
689806354
-1846737798
1318427874
119066862
-1278096364
575681383
-1104340341
129453958
1330578911
623394132
2137885370
-908732262
1101843806
-1999086459
-1590904426
360282513
1635443564
-1968138487
-318057392
-1493907795
-1561510759
-955652049
-543275129
-7117913
1309286446
-898167496
538222574
773652855
-437472402
-1394022067
-43101908
-399907470
-1047628514
2048963763
427132675
441470362
-1934725817
-910595268
149841075
-1647098319
-208333510
1068838400
1065440928
-1410284401
2061515733
68324429
-221881806
-1435100363
1433561603
263776219
-1260232708
404691745
307596168
1716152388
-1164563424
1387624035
1662574590
-1705168462
347101424
573257711
1831761946
-477834535
2143969241
-331062091
105694003
1722818088
-648885124
286333422
-1726156539
1492050490
879033885
-1564820295
-188273743
1307981202
101784384
-1204023578
-210113016
905005447
-440591471
1539652880
840563208
1687681149
91360260
940194288
1243394982
90407765
1299640636
-322241808
1718019021
-515034586
281865264
1875536382
824584102
-1995846612
-1556708084
1029841059
188452890
1047534336
-542228396
-668057517
305280404
937946377
1976492623
1127087110
-2010856437
-1532867790
-806222686
-1570068729
-710851777
-1221405219
-1460673990
-50307829
952803138
-1456636650
833977711
-2055170172
-1427393223
1424689163
-1835760538
-1269283785
-22550429
-1916133444
-461203530
-1738002164
1630634842
-1570123538
-1716267187
-711466716
1890478489
2058729828
-44639852
-182968528
-176693954
208360529
-1510575919
-1601445632
-211133169
-1622992376
-1083710771
-1516023718
2017910466
-1252038923
645035702
-870445811
74901880
-1068606000
-876118714
-1981350844
815355018
-435472114
1940928291
-112379617
-866799992
2134818715
239680905
2038626943
-296710018
533057734
-679915227
2059698721
-1711578759
-1887421571
-1739869372
-485070610
-761377207
987321529
-1825280723
-2018780016
1134786951
597623099
1279732170
-1896177080
1897310169
47392376
-741374579
1770779390
-2000884620
376354513
-146540400
-118061927
274471394
1909247238
-1602568450
-1772137328
2030172933
-1209562388
932864945
-375126079
-40396709
49786718
2008404252
-248843391
-1794306686
-1331488911
1520307307
-1786633229
1513009919
-1812619541
2087845608
-1665666147
-721641414
572724212
756478368
-1930622920
-2023110196
-204983795
-884302010
-448214841
33046525
88856642
-1800798122
896966890
1476153736
-1923027301
-837405315
-949770893
-676817248
-876826921
-1433193417
1515810361
2074159159
-1826864036
710023610
-2096350932
854886269
1945106280
-95205358
-1627411799
758970790
-1347332211
891990412
2080816911
731208688
-1823663781
2033383000
1138278802
137933796
-2006934690
-1373489047
1627282510
1448345563
1419134538
-977417824
-1158212193
235277251
1265319029
-543680472
883478191
-1778299357
207359108
1083604259
-13625520
1358958939
488463209
716362118
1564568331
-780440272
-798967412
-1706627776
2109254520
1847186568
1962219336
1919841441
1341483983
-1655555215
1914014872
-2081581063
-1485315649
-83027609
1672505361
-808343169
-954495106
1742523350
1469823251
1256893813
-326501600
1392188637
1246480699
2005616776
-1286535380
-19795372
-235718373
1240379516
-106053524
-1213110000
-1053051859
-1082490104
1087747333
1437982821
-96374780
1141679870
-1936316218
-1845184021
1315629763
-1058825297
1539422916
1286525317
861510867
-256779636
425349158
-1208749665
264737232
710094608
384718908
-678246474
670112963
967125213
-931283498
59055389
-1352066154
1920076837
984357331
1296062461
1093238212
-294656949
172686072
831424668
-845610417
-1018454839
161502978
-678131998
-1671798537
-86883245
427456765
-203561959
-1941417304
-1547116995
-77332266
-191908620
977612083
-2145032679
1281345583
1584363474
247203393
-1688082012
-977420174
-1183081661
2099024259
-1949508383
18292264
1537697994
-1887818194
-901247866
-1903073909
287594468
1846138790
-2028350825
1181559897
-1614869175
633466233
-1232441007
-1981897494
2121697905
-300284274
-415123384
544949892
-1478995623
1930970013
1559713747
-1737939218
85229702
-910371615
373982887
1831983427
-1385616566
951297804
-356786751
-1260132857
-1179356603
-1589679237
135171721
-95735681
452010030
1137733547
1661228852
515497276
609865427
-1142097942
1891228009
1398836729
-81078178
926421329
-635488473
986580646
247175385
650055409
476256741
740003780
271303667
2005214795
-572225542
332179955
-1855335677
-221782267
2040671295
264103624
-1138503859
-420591141
425980914
1021836004
847510660
46150355
54929117
746151233
-1448138864
748798644
1075535286
-1692792881
-1324180079
-1704770632
-678626615
-1504563905
770445090
-84148864
-751302444
1111881757
-1470766111
-847094713
1971233841
-628775132
-1295597009
656594778
1638158906
617781965
-1902424268
-374073
1263397608
1638869033
338520869
1808775252
2044983485
-845658896
-1284739639
-487283789
2061546211
1814388952
-1088542920
1616018931
-1560218219
-1120141269
-920082202
-1088498632
-69083970
1229581203
-1916724513
-2078853714
1477108959
1297221944
912007507
1723925690
218019381
-2017119476
-805267883
1043900274
803929626
752983653
-479880225
-572601521
-1204684117
568895691
-1403958759
1474932769
294558890
-1557914093
2034073050
-1580487102
138306470
-1766765652
144477038
-943756274
-1834330023
-963021512
242211225
2094888594
1874512208
-1524335010
2004789468
-1691995774
1704439249
-1077158434
261851894
-31042960
-867052808
-1660867099
978013869
1787517755
151992099
6090145
-922197042
6342597
1662465935
-587249640
1149893489
201712360
-1027509181
271971381
1462134913
645363369
756321836
605520419
1373406330
663210926
1276126089
871737822
-335012748
-682447891
-848318840
-796037369
-1954436511
-421372762
2120886833
-1191891465
1210703506
232113042
-1798528637
79029781
-286933633
992422748
-1156838180
612259180
-48736825
1161190224
130883997
-290211465
-1561111947
405796434
-1071187955
-586331841
-1865945724
-451455728
2026875773
497335463
-1374288219
-1772662917
464541869
632780038
-525376962
-737040014
1733303918
-470213898
186733750
564926144
1918633096
1829881195
871849455
1117063752
-2121536291
1139736071
-275941101
-1121336194
1602417358
36714155
1146168468
1397380377
1464589533
-932412335
834430573
-406879226
-923237230
999863064
625365165
23188895
116742307
-105773152
574147125
-533717476
537943374
-45923945
1511235519
-2005444535
1883590409
-761351276
-685694685
-602623111
794217310
1409385507
-1704931627
-1661596486
-1034509297
-1199477728
-584000590
1166821193
-1027751808
-1914206648
-1100511493
-148490168
-1932119722
-55573492
2115605153
979507630
-1371514278
-795878488
190536130
240040062
-695839069
-597769356
1344162675
1454690875
1967061748
-1353380230
-1591423552
1687442842
494148194
1215446600
-1893544720
1281915513
454422842
-1394975226
448887564
1870718224
-1887446496
2084928202
-744422494
-403879835
1940959611
-461517526
-1965344826
-61064187
1008438032
-1885444078
406222425
-366659344
-1592025619
1368228056
-563587955
-356453932
2053147272
-1119181683
-1564751192
-1905100162
1230397222
1264217749
1466362119
991359629
1088355969
220107898
1377327461
-1422350488
1978191012
-696100100
1107636317
-1176641167
-1228356070
1834010732
105108268
442159226
-50567865
1561012281
1053357500
66145143
-665191916
208384971
1411904733
2122340213
-906209326
942240911
2089291989
993044939
-1566507689
-229657774
2069122074
-1993696882
1509825389
936151251
88339037
-2043333559
-586670739
1811899282
-1615459382
-1662686739
1182046246
-45508882
-784711538
1627358214
1094894338
-617592978
-1647972199
102521903
-957358229
-1883223970
-1413708892
-674822712
1954558570
-539378019
1809724789
207544037
-1460964207
168991925
362865249
5586057
-16393189
-1623438292
-542468078
-853727725
1525491025
-1551230951
962457226
1771492344
831733038
555429113
-622563993
673703346
1316385349
-1652276797
-1255964312
-1001618697
-1305391134
1495416377
1456260655
92068910
579503983
-775916928
2005051464
-1157251554
1011846169
2008167410
-2112445590
-483775256
-1094007629
-1238830285
729194747
-892388809
-95389734
-1970462846
691223257
-380466507
-982788520
-1406047407
-1193220521
-247513408
-1058551859
1260209686
-315470971
-1180945827
-2004525684
1529126755
785009844
801753196
1592528834
894453556
1638433336
-829115107
-42063651
-1510244473
83570287
931560354
645792554
-1488940238
105770498
-2032954587
-6882112
-2036890128
45918314
198338300
-827898468
-685297220
893813942
-421157349
-1865028595
-1183160990
1087694474
225940938
-825046190
-498083758
-1958299798
-1270129769
-1361821567
-1370159177
-1391427528
-1421577587
1606470057
352932039
50730747
-887898203
-1087311046
-1559765924
770368737
-398657156
1608005541
-791924797
-105772922
1994282822
-1918257857
669939412
86497398
47168258
1928846954
588372802
-1772975632
659409646
1411155958
-1919910604
1483735021
-877089219
-668403260
882237716
-1705834912
255156487
1257498028
-451811675
-683508290
-1501834367
-1714067296
905682267
1973500607
487278701
-826312175
1308396006
1305321062
-1063147821
-278696559
1410478351
-1793840577
1114223345
1039887033
1161624520
-1803512601
-937467281
-514261172
-1959737219
1175266001
799588311
1346908060
-1972585040
-1268234426
1284837699
-2090292948
-429575740
914674093
2145072727
-829097066
-104612840
1219046156
38498673
1644821423
-730938537
-1930008626
-793243617
1107211496
1783307533
497562054
1360766673
327126262
-1044409730
-807743885
1765462991
1701150133
959143602
-827013755
-190136980
913082697
335411668
1487268768
-519782533
-470102906
-1406155331
-1421486753
-157090814
-1973693551
-121606198
-629672293
-1312242899
894047431
-1093067787
2098983404
-153811323
953857501
914205987
-1728783249
-1152627871
897449799
1050263226
