1913374963
1279949377
1835016500
389805378
1058534542
2129389565
331366255
-651430122
1153479811
374882523
2121125552
-1607139976
-343811100
-1622996603
-2098556185
-706574838
-1944996198
-1498250187
629429049
-514879409
818665131
999567024
-475548961
-445002042
-207294017
-1236882574
-1525861299
-9546438
692097759
1732020778
-1173304682
-27109288
-200694656
-132209816
-1213817586
-2048929151
-1195698496
235666324
-1016733392
-1000922655
-1059707410
855662882
374140610
333706176
1666712912
-951436797
-1586499017
958730520
-1730612705
-41208738
-151658157
-1712594842
2052780758
-481898881
-371354091
-595480379
-508639573
-1598232049
-364956720
1703813687
196725085
1274928773
-2007221606
797654854
-1873817808
2013839068
-250417942
1617501131
1560296757
-1734621562
-1200624772
-909374195
1080418767
560603551
493038456
1936576269
1585271153
585729126
-1169446190
1322986271
75353004
-216185368
-1822456077
-179506244
1877797992
82571773
-869508711
-1661703786
1768271217
2011661944
1254490107
1744854509
68123701
-1539321959
-537382864
2116134433
1598711755
639211462
-2110684976
-1901415289
752986935
-671310214
-81475877
-19961217
-1150937108
548768381
1887956441
306673605
-563731311
-987215019
757444163
1306974984
-850287608
-1788699140
1659487777
-2132453448
-1036818261
1157998802
-1897555981
-1278806748
323704792
890823381
533025749
1885657795
-902319697
130529806
-871624995
-1095295535
1896124698
1487842638
435121351
-218803171
1298458637
-1384919782
1293008852
1017970721
1825078286
-1649289245
-1193032978
1489644114
1563862775
-1107532422
929387024
-75514951
-552738822
725013954
-1114716956
1875013059
793006310
-1059129690
522375085
-1847434412
818281384
1502057805
-1790767514
251445025
-363777005
-1278316916
1948229163
-1530934466
-1124437533
719073948
1052535000
-1047427594
-494092545
-952856564
1783432943
902932442
713836029
-561546760
1062362047
-789743844
1425327339
-1768678021
1538478017
-1987249123
-1692014516
-348046751
146558276
-997823677
-32779679
169202465
1753703245
465426448
1555190441
-663197687
436810424
-1444641424
2085982633
-1379257925
1746733474
-345217199
1659581679
-1042870569
413978890
490318200
1263222612
-1838540551
330805429
535121810
785396098
-882764571
415534419
402735753
1203383990
-1163906559
-1300511521
-1442881767
-233231931
1876872451
1307954507
6445474
448683619
-1356518934
1946327387
234392383
-1393190237
1583896881
1753737168
1364065302
-1664410439
322485314
357753033
-209436943
-1129641721
-1889608407
-191126170
2022961678
1047772246
-96367223
1648342446
1927608626
-773554589
1411023058
732057778
895993091
-924428130
1318966708
-1552928014
1462451095
-1916463827
1745633998
-898214146
-686811576
1414179382
-789652822
261200992
-1225537335
353342814
1966512877
-1464371015
951731582
645327756
375995082
-462022871
1446982407
-1057677071
287829176
5016052
1017931549
1219284300
1945372516
-484314527
1027390113
-1252200342
-220149273
-1909669147
-699430158
122714860
-215961797
-2012643455
-786269058
-1934155956
89130219
-137191320
1741443739
986427169
1162197258
2130803428
-2056458089
2041350306
89035621
721048697
1429461005
755947624
675696123
-2136734646
-316688262
926790519
-1924841299
-1081227589
879682575
727862654
-674196431
-47437993
-1931362872
-534589602
-874106804
-1109383948
-294816580
1484362216
-182658752
-1224084459
1343135927
1316929770
-1499189118
-1919220850
2068878341
519744108
-965243729
-1246681234
-334006640
-180928969
-1278092095
1006571032
-1601667539
-1192525418
-819983747
-949722189
-825436110
1015282528
1267896367
-1168488509
1025579083
-1665704907
-2025441895
520026392
1835810957
1267132166
-368629720
802544614
1035384523
1153326555
1798365801
2029993525
-343229656
-788564272
1080071866
-67273093
1187853293
-1298064032
-1344859836
-1722582906
439804572
-848624667
-1648212696
-1851630433
-2122099131
1136281951
-1435109128
-508865300
-1058263273
-1725679757
-870431128
-470049514
-1143175367
-394765129
1609425221
911208491
-80636710
1632864044
410343845
-1171885884
991615366
-1802935541
-1074803361
1707372394
922579643
516080068
19184829
-546852043
870539196
-905261757
-951716240
-844027723
154718372
-1713001612
-265564477
-791602410
-651767107
1982813705
599856659
98261886
-1627656686
1739172474
2056487550
992737977
1476954178
-234031539
-74153766
-265586408
190718103
-354516073
-647913239
1447792789
-465716906
-561714750
690688202
-1425801925
317915736
1313482383
-1279140943
-316086332
765401305
-1099447458
-1816207398
-1989486973
1599008911
465144493
-582045766
-1402320764
887536126
-1497919010
1279119992
1657233137
908909066
-1935631556
1587812251
590887095
2060732109
392827967
-1119555069
1110893672
-384868950
-249875441
-106557923
-1132327838
-231635294
382533190
-1942186159
-1145454287
863451365
-1839124998
1579475135
-652999119
-227461972
-242332423
-1059101397
-205847432
-1492580795
1174371158
1858687541
488703986
-1511905681
-1725256924
1739985613
-1280005428
373050343
2137543809
1232243941
-165555434
330351170
1963189718
726795879
-1124964701
-1485972995
229405788
1097852264
1479268659
-214907438
-1625198367
1330691998
-390793005
-613451444
-613456693
-1656722161
-1272865660
-349610851
-238224547
259133963
-1959257829
1542384047
-144123080
-1262332836
845062247
-1122138504
-8580059
-1538576453
-44241256
-682741614
-469424879
-254588
1338042846
566939146
180346456
375423917
653989968
-2000210057
-1393122234
-1041654028
355602447
-916959410
1477957081
-1750049705
1645888939
1291106933
-1983226932
1039586761
1142021316
116395541
-1073962032
1392010786
362176244
1276806836
-456029156
-770537386
-64717588
750558338
997327656
2134898153
-202359332
1422330098
1978818484
-494749534
-1847181032
-2105208436
1105638670
225518462
-515049992
-89641983
-1053710443
1071965927
-2040074753
241258367
860718456
1963635749
568700222
1856866118
-1324898365
-1828445163
-737239814
473995899
-1247649892
-63646441
-1737882484
-825107140
886174665
1701770316
233712776
-1908637964
-515018124
1455597057
-1978200031
1562765807
-1007396046
-1862860443
561856716
-2064512976
1410753857
-1628793982
-1803231198
-1493794430
1719330321
998546794
-454568950
-597997876
-963011579
2042593712
1064081686
640155305
1817108858
132650266
-28485843
1323509560
-1938715641
-1330329964
-622257045
1344340271
1280375814
-812461466
445866564
-844261322
2072387667
-1464404823
687096047
1457421426
1021997651
207769335
-592579327
-1035075233
322186808
-425495199
-1490904233
436934114
-135836798
350672549
1753171769
2070284702
1614739912
1076425632
736089787
-416033914
-1012161097
1892686337
-290379418
-85545550
113101403
1868207679
-257057512
-1317791114
1276514973
-697724724
690615592
-1175607631
259493644
2122320522
287772621
1513291106
228656095
-716133250
1241451967
-1149689728
-1839295686
-387162429
-53817314
2110511881
362104752
-842081600
2030497939
1953218651
471745289
1558555805
1473091509
-130265917
-1570794172
-1753131022
-1637034579
-1533346989
-1192427553
-1041787967
1299669275
-13540104
-1084544683
624480678
-488120261
971095243
-485227289
-2050325428
1691164739
1074675111
1336111775
-2026186461
7855888
-1150198533
803167121
983161167
2122910464
-372910368
465489507
-397466141
952737057
-1998919827
2045239312
1042465614
-1046253174
-341686966
1580487912
-2059229163
-2002468343
1837805955
1944671706
2072380098
-504486146
-78434146
-77679115
701131547
2047165062
-1498398481
60197932
1448506007
1518631387
635281961
151922009
1894795277
-926785287
2127331896
-2145545596
1980654254
-334381947
-934862002
-1966385308
-495753163
-404406806
257969980
-196215515
2011546204
-315597371
-837407742
1338871147
164009873
1477507202
-1904917079
-795657834
-2074928406
-1050439353
-50208433
-1342852537
-829003947
-1449238768
-889524862
221573923
1690393107
426608666
-429186095
2103477974
-1442766746
-145936507
540159904
-1718646949
-45847416
1979988276
-797381060
-530456967
-823491105
-1599281161
899750958
423004816
-44652433
-1004094996
-1980628012
-67441771
-15374448
228534049
1447625004
1546869850
837355488
-795531650
-1523716365
689806354
-1846737798
1318427874
119066862
-1278096364
575681383
-1104340341
129453958
1330578911
623394132
2137885370
-908732262
1101843806
-1999086459
-1590904426
360282513
1635443564
-1968138487
-318057392
-1493907795
-1561510759
-955652049
-543275129
-7117913
1309286446
-898167496
538222574
773652855
-437472402
-1394022067
-43101908
-399907470
-1047628514
2048963763
427132675
441470362
-1934725817
-910595268
149841075
-1647098319
-208333510
1068838400
1065440928
-1410284401
2061515733
68324429
-221881806
-1435100363
1433561603
263776219
-1260232708
404691745
307596168
1716152388
-1164563424
1387624035
1662574590
-1705168462
347101424
573257711
1831761946
-477834535
2143969241
-331062091
105694003
1722818088
-648885124
286333422
-1726156539
1492050490
879033885
-1564820295
-188273743
1307981202
101784384
-1204023578
-210113016
905005447
-440591471
1539652880
840563208
1687681149
91360260
940194288
1243394982
90407765
1299640636
-322241808
1718019021
-515034586
281865264
1875536382
824584102
-1995846612
-1556708084
1029841059
188452890
1047534336
-542228396
-668057517
305280404
937946377
1976492623
1127087110
-2010856437
-1532867790
-806222686
-1570068729
-710851777
-1221405219
-1460673990
-50307829
952803138
-1456636650
833977711
-2055170172
-1427393223
1424689163
-1835760538
-1269283785
-22550429
-1916133444
-461203530
-1738002164
1630634842
-1570123538
-1716267187
-711466716
1890478489
2058729828
-44639852
-182968528
-176693954
208360529
-1510575919
-1601445632
-211133169
-1622992376
-1083710771
-1516023718
2017910466
-1252038923
645035702
-870445811
74901880
-1068606000
-876118714
-1981350844
815355018
-435472114
1940928291
-112379617
-866799992
2134818715
239680905
2038626943
-296710018
533057734
-679915227
2059698721
-1711578759
-1887421571
-1739869372
-485070610
-761377207
987321529
-1825280723
-2018780016
1134786951
597623099
1279732170
-1896177080
1897310169
47392376
-741374579
1770779390
-2000884620
376354513
-146540400
-118061927
274471394
1909247238
-1602568450
-1772137328
2030172933
-1209562388
932864945
-375126079
-40396709
49786718
2008404252
-248843391
-1794306686
-1331488911
1520307307
-1786633229
1513009919
-1812619541
2087845608
-1665666147
-721641414
572724212
756478368
-1930622920
-2023110196
-204983795
-884302010
-448214841
33046525
88856642
-1800798122
896966890
1476153736
-1923027301
-837405315
-949770893
-676817248
-876826921
-1433193417
1515810361
2074159159
-1826864036
710023610
-2096350932
854886269
1945106280
-95205358
-1627411799
758970790
-1347332211
891990412
2080816911
731208688
-1823663781
2033383000
1138278802
137933796
-2006934690
-1373489047
1627282510
1448345563
1419134538
-977417824
-1158212193
235277251
1265319029
-543680472
883478191
-1778299357
207359108
1083604259
-13625520
1358958939
488463209
716362118
1564568331
-780440272
-798967412
-1706627776
2109254520
1847186568
1962219336
1919841441
1341483983
-1655555215
1914014872
-2081581063
-1485315649
-83027609
1672505361
-808343169
-954495106
1742523350
1469823251
1256893813
-326501600
1392188637
1246480699
2005616776
-1286535380
-19795372
-235718373
1240379516
-106053524
-1213110000
-1053051859
-1082490104
1087747333
1437982821
-96374780
1141679870
-1936316218
-1845184021
1315629763
-1058825297
1539422916
1286525317
861510867
-256779636
425349158
-1208749665
264737232
710094608
384718908
-678246474
670112963
967125213
-931283498
59055389
-1352066154
1920076837
984357331
1296062461
1093238212
-294656949
172686072
831424668
-845610417
-1018454839
161502978
-678131998
-1671798537
-86883245
427456765
-203561959
-1941417304
-1547116995
-77332266
-191908620
977612083
-2145032679
1281345583
1584363474
247203393
-1688082012
-977420174
-1183081661
2099024259
-1949508383
18292264
1537697994
-1887818194
-901247866
-1903073909
287594468
1846138790
-2028350825
1181559897
-1614869175
633466233
-1232441007
-1981897494
2121697905
-300284274
-415123384
544949892
-1478995623
1930970013
1559713747
-1737939218
85229702
-910371615
373982887
1831983427
-1385616566
951297804
-356786751
-1260132857
-1179356603
-1589679237
135171721
-95735681
452010030
1137733547
1661228852
515497276
609865427
-1142097942
1891228009
1398836729
-81078178
926421329
-635488473
986580646
247175385
650055409
476256741
740003780
271303667
2005214795
-572225542
332179955
-1855335677
-221782267
2040671295
264103624
-1138503859
-420591141
425980914
1021836004
847510660
46150355
54929117
746151233
-1448138864
748798644
1075535286
-1692792881
-1324180079
-1704770632
-678626615
-1504563905
770445090
-84148864
-751302444
1111881757
-1470766111
-847094713
1971233841
-628775132
-1295597009
656594778
1638158906
617781965
-1902424268
-374073
1263397608
1638869033
338520869
1808775252
2044983485
-845658896
-1284739639
-487283789
2061546211
1814388952
-1088542920
1616018931
-1560218219
-1120141269
-920082202
-1088498632
-69083970
1229581203
-1916724513
-2078853714
1477108959
1297221944
912007507
1723925690
218019381
-2017119476
-805267883
1043900274
803929626
752983653
-479880225
-572601521
-1204684117
568895691
-1403958759
1474932769
294558890
-1557914093
2034073050
-1580487102
138306470
-1766765652
144477038
-943756274
-1834330023
-963021512
242211225
2094888594
1874512208
-1524335010
2004789468
-1691995774
1704439249
-1077158434
261851894
-31042960
-867052808
-1660867099
978013869
1787517755
151992099
6090145
-922197042
6342597
1662465935
-587249640
1149893489
201712360
-1027509181
271971381
1462134913
645363369
756321836
605520419
1373406330
663210926
1276126089
871737822
-335012748
-682447891
-848318840
-796037369
-1954436511
-421372762
2120886833
-1191891465
1210703506
232113042
-1798528637
79029781
-286933633
992422748
-1156838180
612259180
-48736825
1161190224
130883997
-290211465
-1561111947
405796434
-1071187955
-586331841
-1865945724
-451455728
2026875773
497335463
-1374288219
-1772662917
464541869
632780038
-525376962
-737040014
1733303918
-470213898
186733750
564926144
1918633096
1829881195
871849455
1117063752
-2121536291
1139736071
-275941101
-1121336194
1602417358
36714155
1146168468
1397380377
1464589533
-932412335
834430573
-406879226
-923237230
999863064
625365165
23188895
116742307
-105773152
574147125
-533717476
537943374
-45923945
1511235519
-2005444535
1883590409
-761351276
-685694685
-602623111
794217310
1409385507
-1704931627
-1661596486
-1034509297
-1199477728
-584000590
1166821193
-1027751808
-1914206648
-1100511493
-148490168
-1932119722
-55573492
2115605153
979507630
-1371514278
-795878488
190536130
240040062
-695839069
-597769356
1344162675
1454690875
1967061748
-1353380230
-1591423552
1687442842
494148194
1215446600
-1893544720
1281915513
454422842
-1394975226
448887564
1870718224
-1887446496
2084928202
-744422494
-403879835
1940959611
-461517526
-1965344826
-61064187
1008438032
-1885444078
406222425
-366659344
-1592025619
1368228056
-563587955
-356453932
2053147272
-1119181683
-1564751192
-1905100162
1230397222
1264217749
1466362119
991359629
1088355969
220107898
1377327461
-1422350488
1978191012
-696100100
1107636317
-1176641167
-1228356070
1834010732
105108268
442159226
-50567865
1561012281
1053357500
66145143
-665191916
208384971
1411904733
2122340213
-906209326
942240911
2089291989
993044939
-1566507689
-229657774
2069122074
-1993696882
1509825389
936151251
88339037
-2043333559
-586670739
1811899282
-1615459382
-1662686739
1182046246
-45508882
-784711538
1627358214
1094894338
-617592978
-1647972199
102521903
-957358229
-1883223970
-1413708892
-674822712
1954558570
-539378019
1809724789
207544037
-1460964207
168991925
362865249
5586057
-16393189
-1623438292
-542468078
-853727725
1525491025
-1551230951
962457226
1771492344
831733038
555429113
-622563993
673703346
1316385349
-1652276797
-1255964312
-1001618697
-1305391134
1495416377
1456260655
92068910
579503983
-775916928
2005051464
-1157251554
1011846169
2008167410
-2112445590
-483775256
-1094007629
-1238830285
729194747
-892388809
-95389734
-1970462846
691223257
-380466507
-982788520
-1406047407
-1193220521
-247513408
-1058551859
1260209686
-315470971
-1180945827
-2004525684
1529126755
785009844
801753196
1592528834
894453556
1638433336
-829115107
-42063651
-1510244473
83570287
931560354
645792554
-1488940238
105770498
-2032954587
-6882112
-2036890128
45918314
198338300
-827898468
-685297220
893813942
-421157349
-1865028595
-1183160990
1087694474
225940938
-825046190
-498083758
-1958299798
-1270129769
-1361821567
-1370159177
-1391427528
-1421577587
1606470057
352932039
50730747
-887898203
-1087311046
-1559765924
770368737
-398657156
1608005541
-791924797
-105772922
1994282822
-1918257857
669939412
86497398
47168258
1928846954
588372802
-1772975632
659409646
1411155958
-1919910604
1483735021
-877089219
-668403260
882237716
-1705834912
255156487
1257498028
-451811675
-683508290
-1501834367
-1714067296
905682267
1973500607
487278701
-826312175
1308396006
1305321062
-1063147821
-278696559
1410478351
-1793840577
1114223345
1039887033
1161624520
-1803512601
-937467281
-514261172
-1959737219
1175266001
799588311
1346908060
-1972585040
-1268234426
1284837699
-2090292948
-429575740
914674093
2145072727
-829097066
-104612840
1219046156
38498673
1644821423
-730938537
-1930008626
-793243617
1107211496
1783307533
497562054
1360766673
327126262
-1044409730
-807743885
1765462991
1701150133
959143602
-827013755
-190136980
913082697
335411668
1487268768
-519782533
-470102906
-1406155331
-1421486753
-157090814
-1973693551
-121606198
-629672293
-1312242899
894047431
-1093067787
2098983404
-153811323
953857501
914205987
-1728783249
-1152627871
897449799
1050263226
-522552887
-2006265700
-670490147
1407918966
1207153772
-1983456376
1860448956
1410661757
-1024862695
1721131041
700547434
-146553936
821576869
-1649772411
-403592131
-1199847357
984925951
1717985187
481957628
1412502671
665359984
186573619
-1354127418
-547312090
1855111205
1454014693
524414514
-598697689
179346154
-2034654500
1300830391
1318923220
1659983160
1913761629
1702583374
730826593
180739953
1547493315
-1160203691
924994062
-1752254871
-1561587018
1597378742
1456918135
-1245883864
-614003300
1955037256
583961642
500645101
-1690640050
1003140469
1489071482
-807070090
2115855887
-718270692
883109522
1673004926
-1359478087
77209527
1431771596
1511287175
1786458936
-534108992
166901059
1182312153
1908376124
-1995304880
-754633306
-1088186679
-91231702
1196099849
-1000158641
560847422
1413796179
291079222
-732948845
129891441
-1563028121
-1875485136
635137115
1956076531
-516040149
-1895394045
-218719245
532684788
-408088727
-457078448
-256021214
1870314945
-995237336
-847255180
981603706
-1399598450
291474717
1210821353
-268812304
617436533
2075802721
-169101844
-2055439954
-1338219074
-176097181
-1590941856
602347559
1807694176
1718799391
-1798419214
-1916343188
956624840
2074843791
1192869756
-1847240771
2079935704
-130525342
834289582
-1245014685
-1442668494
2062128875
-2035533589
507137468
564157621
-290805412
1941180016
-847395177
-1126357945
743617843
-518351173
-1464843070
-17871915
-901217037
-1087674071
-1149799712
965680023
-1230439401
-1634213407
1574625663
-1321578600
1059809091
883687409
-7670680
-2062508939
1174281148
-1418690123
-803679943
-680706972
-142009830
-106437761
2040931121
-1809987464
-1179932612
-1656085388
-190003126
-396959198
-857401733
-1090685516
-1125401715
-2088013574
841491489
742930365
-1836592991
2136176831
-1877231844
-1961170416
2084836516
333171612
-1350378770
1645670677
161409085
1177033900
-1817101593
-404662725
1256072945
-1979369792
-2138010730
1058989667
-1696206922
-350135457
1863227260
-1230417282
5956293
60624397
2048058115
-1671219596
-2109085516
-1564028976
-594142290
386607687
-1919101245
551063279
-865810800
-1630781064
1162118261
-1934242051
666493442
-11756375
-193583518
51760405
-713724273
652276099
-1847393717
-210426778
1534989107
1603677401
1638846575
48150257
2082230469
1177588493
-346399204
-950804847
1158740144
-346946894
505234824
748169787
2031082217
-370197133
713215713
-458937465
1768087324
-296330446
684412577
-2024859537
1896414504
-1735996557
-1982556889
-1377090219
1072154830
-440563461
-782154877
1700117322
-354581340
1444832180
-1916790383
1120104077
1609363535
-292715309
-1756262072
-2103256751
-73710096
-2107993796
-1686414509
614792898
-785638690
2123435556
-411135775
-2128274870
-101836906
-942150664
2040442553
1791328015
1535556335
1174690685
257207696
1736207296
-1453679471
69357879
1193986974
-1095510383
-2062359897
-1963500785
-510469266
583759235
353885907
1697295407
-1361957899
998016744
-387709342
-913865936
372989414
-1332535770
-1047414336
-679653769
1033878084
-244778822
-1271296210
-430755109
1684463160
-2117460096
-220326735
1186650251
-850079708
1085003824
1660763469
-892820945
-1309421065
-593319125
-2052133517
538292812
-468155198
1972142456
1203460791
-718118164
2051813771
2125471496
1066087109
-53079171
-1001239711
283344193
108969365
547582201
-1162117456
-2057385543
-1973915938
1495702599
-1463164458
-268825278
-314926393
1260704480
1208949494
-1360019674
1182745060
-1045725770
1382453003
387893427
-5494688
180800080
1853550143
1516944633
-1103844235
-257543623
-1641565828
981551313
-1612836828
-1804102501
570187075
1228414754
-877516254
-374880730
1395695037
1093068127
-138956271
-1849574603
-759853041
156558419
-211379217
1091809331
-1174287118
-435519200
-1421723949
617870395
771426433
458408580
-1972763947
1660238334
-684106923
1270441566
-426937778
1148490473
-1307735858
1536576368
12454465
-622233465
1433720499
-822135962
-1923181032
-1950185437
-4568579
-226156265
237331090
1428149425
1127111919
-1519200502
772977659
1944449773
1113293418
328612410
-811865186
1320362948
-894498178
-587817699
1549734008
-804110093
-604816316
527840994
-625365203
836587502
-210716438
561859322
1138312511
1316740866
-1067811826
1370604762
-343233667
-389574467
1300827472
1185303550
-1787743303
-1289520755
-1883326686
-23587792
413494717
-939969626
553113313
-217911798
1850132350
2073611561
-1914201559
-1975034952
1753906322
262599810
1542634852
-216617470
2038794463
-1659435247
150937508
-1374327415
982946452
694478348
76038066
-1436249008
1513095005
412923298
-1613367705
1439062910
890349778
905767524
1664352825
-786718367
1560601647
853625056
484325400
1514351542
1361367370
1969994638
1967025530
758401575
-1914166079
944382704
1213624244
-1547526892
750838130
-1857649676
1996594316
1041302677
-1887849169
-683591524
694087691
-912917569
29355186
-670365984
2137889686
-504110042
-20696370
1167016402
-1426884033
436995491
-2134143257
102521091
929429080
-723827113
-1070770524
-1751418331
2130916425
287039215
1439827682
1332619505
-1328376157
-2003333335
1309816811
-357371573
1730211700
-1463150955
1259610343
-81750110
1115550428
1043068320
79257234
1169779613
-1081753888
-1703298354
-686427857
143565043
387615870
2026659910
1921295804
1575342746
1180687872
-1667531373
1627151974
59839523
-821444971
-620080728
-426971586
-1083427484
-1633163492
-462624475
-1373537235
1677204567
767417411
1057154264
-753819355
876042561
-84518448
-1212570491
-1159088743
-1837278954
1288806206
1654643177
476447278
-1525425637
-1307348597
-1496266756
-1205614670
-206534963
942597712
-784485769
407261773
468638465
1010519057
455098773
92113909
664844108
668910550
-867639780
-725695961
673444
1028677626
1126713758
-925396269
54794822
-983770046
-727451908
957232279
524853210
-847887567
146335531
830574128
-1495247403
193467545
518590010
-1238445779
-1712168417
651084149
-1431599981
-1918268444
2062905077
1502253302
-1395128192
-2014419286
1352069647
1012089563
-947219471
394788925
-882032123
1112736517
-24900996
-88040059
99294701
-2096856502
584663972
-955080580
789678921
2071545993
1309799773
-977995159
13053472
1676317693
854409935
-2076177069
-410353814
262691286
286913370
1262137524
-1666808400
1654602757
-1853057574
-853127827
-328731660
-1578661801
184423467
2124170490
-515190067
22844613
-1111393553
1115559910
1643583446
542969097
-1815610994
1063059329
-328937655
-792066700
966155902
-1806373169
-756630554
-1100749058
-681602109
920792770
-1302032103
-419329890
-223617095
-134739540
-1577309349
1863256540
-1188237807
-1475200530
1574136535
780616356
282780952
-1486745611
-816147375
1651760219
-1200157889
735282023
1591303235
-1691523017
-1168850729
-373972072
1528758344
961939147
-1441672677
143989570
248517310
1478391009
418604403
-879838347
1163058341
-1139895925
1546455543
-1370799668
-1509590579
1871163772
-257185231
-46871071
1769411376
-490187885
1096181543
-477513214
605019036
1100876472
1666424727
1140312868
975811221
-429149973
268478340
1537600535
-1252683400
1576482714
305066993
-1958615045
-1347934493
-489445070
-601768212
-1056253966
313148500
-143577097
-1443665971
-383240170
-1842347504
1277572632
-1866853441
-1171728467
1378073925
941748989
171397759
-645654373
-1484761998
443152868
-682177692
313209367
-1568127482
805936555
-1518586210
-1981846879
821925191
397622766
1809917634
-35816141
1962449269
-159329964
1799841413
1337826742
-1774576850
780288294
-1823674681
1516949687
-1430821868
-610440671
-1980057389
1242270298
233120940
-282274164
-336072475
-85931890
1999656073
872908171
-1705030421
-1111483262
-1788710743
-999468107
382503824
966809431
-928990178
1593366756
1393844085
-185086442
-1920178448
2020659021
-931575103
-1977194269
872660801
593516495
-1235996965
1192554866
-513617742
-1124159601
-1437625226
1289114810
-1826351611
1717840580
-926879795
2007944169
-1314381565
1653835983
312173871
-441442153
-1107993440
-1967393394
1143722430
-916881347
514805084
-880194575
75897971
-107179288
177665003
2107469260
1703416676
-124729047
-270780904
-240728850
399923529
-1053223601
-1985842715
-1825226381
-377739460
-766540841
-2036818185
95447382
-518068545
-1823643869
1185391152
-639218358
-2025658365
1092487786
-1061177443
1238660809
858699879
609558512
788010643
2026447724
-1110516418
2057395830
750924820
1225548157
450098901
2076639730
-1557903498
52814282
-1822322765
1861559171
939849030
-154299717
-968614878
1258560670
567034985
1742887079
-66523666
-1168479859
-834911868
-1818003614
-1581571988
622378778
-324668259
1226735898
-139149123
553994119
918916354
1821171299
-752634284
297351872
47900521
360268687
483798964
202589651
-616443304
-1405704381
-421881986
421819807
1310700742
834113094
817583530
-1779132213
150108930
2121121948
-270606060
-1311355654
1780936148
-557335597
-1558649542
1943153468
-1399138335
-1218283876
-1778286524
1815332807
5348691
1297828252
1047780675
1891268838
2129144249
160895364
-1931104579
-744810192
1270831147
2106646110
593317225
1050622205
362953137
-1768700886
-1226539210
1065448214
-65020444
510173353
816982674
409852075
-735673898
1337584247
-953845272
982034569
1474840878
-1644372641
1330721641
265078155
-1007688297
768645098
-1904326386
951492689
818794587
12123705
-1275534114
-397965264
-198378934
-1088129516
1055618412
-1858562200
-139979296
-485961662
239042211
284405404
497475494
-313199846
-642501947
324809598
-14874408
1043995226
-942205007
-1529313591
-293951417
623427638
-1400161180
430466420
-960998015
646611892
-342900031
1503897892
-1889054162
1006870582
977191316
-1321198623
-95394372
-1113863592
130663124
-344698100
-1431154882
-2015918596
734618152
1190708624
-1411714671
29903266
1682558892
-473460392
2061802944
-1616182532
-287950092
1322165248
806559657
-133050175
799107664
-1865467186
769814752
604964289
1997144657
-2053050909
-258787886
-341522119
-593673844
-1581401427
924805421
-1071781784
799224989
-1067466337
2017712511
589933921
-999578002
600877860
32595229
1289604899
-1958522695
-1223301168
-113057723
2036256486
1181552843
-1960558632
-750538361
-1574938953
-940366711
-579312188
-1918652320
-1145803450
182498232
161054818
-1876082137
691639038
1840523640
635822077
2125148460
-1897587626
-1042341359
-1252437297
-1926571491
-1222091418
-969871119
2130693299
-261534805
-557548867
-1269497099
-406956514
-2147468178
-1928727695
207528167
-146311600
1775368966
-1950467978
-1058023865
-860910395
746699906
-1628248781
1528922190
-1251422734
-742920956
499084626
-349255377
1370871597
1791518372
1787253719
1917227935
1595739628
-1286950252
-1048297612
1997118103
-2091499983
-1282230139
-1209237478
1097091416
466562117
-1761968055
-1165764141
-1478520913
-293925469
1976822202
-1729255218
-931907974
460070199
-421298471
-1057705285
-1650427798
-889864504
380879929
-613533351
1178067721
1829299633
-1943884898
2023957068
2002895871
-1956400425
-1551823648
-310163405
-591747440
-62358058
750143765
1251231994
-690903704
-302006915
-346522642
-489790100
-863857510
-1079278724
197910369
1890534923
473581542
-785744037
-327006840
-470566621
658667834
2100542638
-123876152
-270090724
923210619
-575434617
1070084661
-767200752
1662969220
235235883
407004725
-1835224675
-1291976338
-1876067577
1917208419
1392411643
-2015867887
-1259312668
-1056004171
-1304779952
-1096875829
1238795609
209190880
-962152894
-949211777
-284481151
275674362
-1002959154
1130064608
-656388882
1535382625
-361102761
872371439
550070493
1582590427
738799362
-862484542
1461727402
-267856898
49103424
-316463994
-1523004282
866335442
-927984469
-425188666
1433570150
736824500
2007641878
-1899499028
273498174
-214784644
300551390
-750899448
156941934
652837858
-1164136570
-462523696
-395892356
-145624803
1580423043
-319652889
-1716909052
-1476985140
753628755
-479577759
-1233294868
2146041625
404434387
-672958073
-1237892645
-274932964
1979052242
-1220067114
261435883
1872817020
1050810592
-1449718451
1576088476
-1779943588
1773241708
1000638952
628204300
-2136916621
-1986226163
-2037221785
366347620
-861688964
754983455
-1760180397
2141536917
1273407441
-262924398
-799391166
-627489212
-320892590
-1076225282
-891413927
-1183892478
942823819
501233401
-489926382
-972891456
1426775317
1986353324
-208281794
-2079427711
671669820
-1812832348
-1945769395
-1202669743
1126073826
861132517
-1492284979
-1200330635
-2007265630
-636638395
-565714640
1428515555
-2070053320
1730376438
1409257937
-159258636
868192543
476387939
-1215641287
1254979927
-1939129221
-250017216
-933007459
725061449
2018798137
182065884
1588935339
702907906
-1128606860
1108153
192129157
1518607986
1891376410
-1646961059
-492427507
178998829
2040044239
-92371094
-2001147037
882547362
-892937200
-1544290068
2072329643
-595364973
-422549605
1177918194
564935955
1375355073
146032910
-1597833377
185294867
-2088888602
171070670
-2116652543
465712375
1821525991
1143752234
-1845297694
-55236966
-689683895
1769479103
1660396510
150030707
-1884589084
2085705245
-1506910603
856782037
723002327
558693546
-177795358
-1190843278
58816444
-2104587066
-868505748
1671306784
1347557403
-516278480
1763452667
-95340577
-1397348317
-1409085529
1238776301
1055169050
-687569770
779752148
-172649430
1888741933
-1291289083
-2018695578
847730805
113821991
-101678531
-839682178
-1684266747
287142608
-2047252223
-71902386
-1349943980
-1053046547
-986359816
1004541436
-1272645322
-477409598
-1052216856
1451633611
-2059402964
163895511
-253442780
-1512103812
1397569529
2125133055
108145987
309512434
680333686
-1601024363
1827019794
-227110124
1994966690
1498780425
-1684374069
1162045430
58717949
973380250
-885904250
-12252101
-530674923
1867962724
-2087934225
-153836876
1041607776
-1109042019
-1934492104
1701197133
1061938764
-357509093
-843370671
-460625880
2097530004
431786009
-733324458
-1043612918
78217941
2043603769
275354441
-1988821770
-1915379360
99981516
719203073
-1249061353
-817138863
-1149651119
1516881761
-1657369630
-458491424
-1580804293
-833512501
-1871813765
-472473353
-1315031561
1830259415
-1641134504
631156995
-1777554131
2094538303
-567964380
-1954182642
2084164165
-1166308834
1701319909
-1334510579
-2088039892
-854118567
-585694624
-2041163658
-1241672361
1992315229
893900731
1259854102
-582559737
-353897718
999604324
-159639520
-1401265457
123932398
772486961
-1809132152
-202801325
-4088138
1457285833
1278064017
1441285457
1036658144
-1786444735
-595123036
-480216091
-1525238859
-1655163895
-1037325212
1457179400
371953782
-374068983
1670579710
1210777945
2117011925
-1545316858
-325616187
-1569426912
653071014
1209542987
-1213236227
503820175
2118691286
-199550332
-1258928394
1072375114
-2014823269
1306866412
691425884
-302754008
1862891501
-1746308182
-545738803
-2005940165
-1136902860
930725496
-742230868
2108804621
42708546
-319937402
-555603660
-1060449236
345474178
-1346912355
-1094937392
-2025991191
462366577
1483045254
1302952872
1245709404
321074766
1914922411
-77192833
-1695218006
-40273651
178491647
-601053765
-963964279
-1787138928
-1662424037
1943833797
860808964
-972104167
526332841
-451802477
1929872251
-329823751
1378810629
1406067330
761654510
-426905203
240074016
573632616
-1353350278
-1814045590
307042216
-1864388887
1304276002
1477982423
-1914923931
765153033
470667986
-222507141
182035686
502084867
888735905
-439255465
-1075137444
-1818038696
-27868586
1633939189
1889530821
-1044777686
745700141
1029700577
-1090993076
1005835465
-1653850150
-1103070888
-588586001
1588560782
2129159630
1782011199
1746747490
-652343832
527233720
-22855082
-1866296270
-1229607245
-1515227058
5792429
-1935789523
-550989616
50227276
2141496662
1929356033
1532491249
1864180925
-2108699813
-1943537373
990375604
-1281732488
1432504306
-1739194638
-2018291725
1729897453
2105372655
-1226530021
-1508789927
-560543199
2051189881
649676606
384188729
924649974
1861133568
-1124739886
-104365670
524009392
-1960274834
1874639941
-1493351786
1725229748
-1034601060
-552385946
1502834147
1349997457
-1329581305
802209799
1033205682
-478409148
602236355
-1974487075
1632602295
1392729271
1901080494
-92281173
1890563464
-142690933
-316388119
-2025410145
-927803605
1594749718
1773697156
-32663812
728619241
-388895057
-1410228104
-348879624
352161640
146213928
1468589273
1930967783
-1548456712
1214151067
-1571432885
-2017781608
58631980
-151705751
1901701045
1059127294
-85286483
422820991
-1528871115
-1403704046
1355592266
-323810597
-976252333
-1961154568
1364365906
1517602894
-325576328
-1430637216
1640763685
741904259
1022764704
1365567790
-927736824
724659519
1222572878
-1246445731
484208441
1831894506
-489064000
818667296
273843267
-1281532083
-1666405020
1613589578
-221802093
-1780647268
1435100810
612305646
-1720963254
995584695
-1173332646
946633034
-1337232044
676332204
-1946972153
454058976
-2135578952
1488107648
2112671812
-1177298971
844742193
-592480209
-1372343305
-924321825
-1902989314
-248241424
-2059379412
362010249
-2140769034
837303996
1666567499
2093652985
1828860638
-675964399
-192825459
555505924
559945214
-699340813
-878541140
794176737
1467527153
820090931
-1864660518
256680203
-1188368451
-1441239053
1508539635
-2137694356
371394339
1794680424
-632233995
2007213751
498716983
-980448799
-512306769
-653450987
189500978
-2112687864
-317431368
-1796013821
471730310
1570700392
2039057826
1843759225
1994094386
2119167023
-1348706960
-1823056305
388542807
-1728246220
1251464004
2047890908
-651000053
-1784281030
977117788
997297376
-2106109075
1760821878
-190324417
-1735457885
-1949361159
524580430
1951869746
1194791773
-33173219
1087087971
24962289
-835033384
998278156
-1833370415
-1705469797
851007828
2141169105
388491445
-1065706259
2074992554
-316824666
558619631
-1087538254
1774739379
-1999997819
