1913374963
1279949377
1835016500
389805378
1058534542
2129389565
331366255
-651430122
1153479811
374882523
2121125552
-1607139976
-343811100
-1622996603
-2098556185
-706574838
-1944996198
-1498250187
629429049
-514879409
818665131
999567024
-475548961
-445002042
-207294017
-1236882574
-1525861299
-9546438
692097759
1732020778
-1173304682
-27109288
-200694656
-132209816
-1213817586
-2048929151
-1195698496
235666324
-1016733392
-1000922655
-1059707410
855662882
374140610
333706176
1666712912
-951436797
-1586499017
958730520
-1730612705
-41208738
-151658157
-1712594842
2052780758
-481898881
-371354091
-595480379
-508639573
-1598232049
-364956720
1703813687
196725085
1274928773
-2007221606
797654854
-1873817808
2013839068
-250417942
1617501131
1560296757
-1734621562
-1200624772
-909374195
1080418767
560603551
493038456
1936576269
1585271153
585729126
-1169446190
1322986271
75353004
-216185368
-1822456077
-179506244
1877797992
82571773
-869508711
-1661703786
1768271217
2011661944
1254490107
1744854509
68123701
-1539321959
-537382864
2116134433
1598711755
639211462
-2110684976
-1901415289
752986935
-671310214
-81475877
-19961217
-1150937108
548768381
1887956441
306673605
-563731311
-987215019
757444163
1306974984
-850287608
-1788699140
1659487777
-2132453448
-1036818261
1157998802
-1897555981
-1278806748
323704792
890823381
533025749
1885657795
-902319697
130529806
-871624995
-1095295535
1896124698
1487842638
435121351
-218803171
1298458637
-1384919782
1293008852
1017970721
1825078286
-1649289245
-1193032978
1489644114
1563862775
-1107532422
929387024
-75514951
-552738822
725013954
-1114716956
1875013059
793006310
-1059129690
522375085
-1847434412
818281384
1502057805
-1790767514
251445025
-363777005
-1278316916
1948229163
-1530934466
-1124437533
719073948
1052535000
-1047427594
-494092545
-952856564
1783432943
902932442
713836029
-561546760
1062362047
-789743844
1425327339
-1768678021
1538478017
-1987249123
-1692014516
-348046751
146558276
-997823677
-32779679
169202465
1753703245
465426448
1555190441
-663197687
436810424
-1444641424
2085982633
-1379257925
1746733474
-345217199
1659581679
-1042870569
413978890
490318200
1263222612
-1838540551
330805429
535121810
785396098
-882764571
415534419
402735753
1203383990
-1163906559
-1300511521
-1442881767
-233231931
1876872451
1307954507
6445474
448683619
-1356518934
1946327387
234392383
-1393190237
1583896881
1753737168
1364065302
-1664410439
322485314
357753033
-209436943
-1129641721
-1889608407
-191126170
2022961678
1047772246
-96367223
1648342446
1927608626
-773554589
1411023058
732057778
895993091
-924428130
1318966708
-1552928014
1462451095
-1916463827
1745633998
-898214146
-686811576
1414179382
-789652822
261200992
-1225537335
353342814
1966512877
-1464371015
951731582
645327756
375995082
-462022871
1446982407
-1057677071
287829176
5016052
1017931549
1219284300
1945372516
-484314527
1027390113
-1252200342
-220149273
-1909669147
-699430158
122714860
-215961797
-2012643455
-786269058
-1934155956
89130219
-137191320
1741443739
986427169
1162197258
2130803428
-2056458089
2041350306
89035621
721048697
1429461005
755947624
675696123
-2136734646
-316688262
926790519
-1924841299
-1081227589
879682575
727862654
-674196431
-47437993
-1931362872
-534589602
-874106804
-1109383948
-294816580
1484362216
-182658752
-1224084459
1343135927
1316929770
-1499189118
-1919220850
2068878341
519744108
-965243729
-1246681234
-334006640
-180928969
-1278092095
1006571032
-1601667539
-1192525418
-819983747
-949722189
-825436110
1015282528
1267896367
-1168488509
1025579083
-1665704907
-2025441895
520026392
1835810957
1267132166
-368629720
802544614
1035384523
1153326555
1798365801
2029993525
-343229656
-788564272
1080071866
-67273093
1187853293
-1298064032
-1344859836
-1722582906
439804572
-848624667
-1648212696
-1851630433
-2122099131
1136281951
-1435109128
-508865300
-1058263273
-1725679757
-870431128
-470049514
-1143175367
-394765129
1609425221
911208491
-80636710
1632864044
410343845
-1171885884
991615366
-1802935541
-1074803361
1707372394
922579643
516080068
19184829
-546852043
870539196
-905261757
-951716240
-844027723
154718372
-1713001612
-265564477
-791602410
-651767107
1982813705
599856659
98261886
-1627656686
1739172474
2056487550
992737977
1476954178
-234031539
-74153766
-265586408
190718103
-354516073
-647913239
1447792789
-465716906
-561714750
690688202
-1425801925
317915736
1313482383
-1279140943
-316086332
765401305
-1099447458
-1816207398
-1989486973
1599008911
465144493
-582045766
-1402320764
887536126
-1497919010
1279119992
1657233137
908909066
-1935631556
1587812251
590887095
2060732109
392827967
-1119555069
1110893672
-384868950
-249875441
-106557923
-1132327838
-231635294
382533190
-1942186159
-1145454287
863451365
-1839124998
1579475135
-652999119
-227461972
-242332423
-1059101397
-205847432
-1492580795
1174371158
1858687541
488703986
-1511905681
-1725256924
1739985613
-1280005428
373050343
2137543809
1232243941
-165555434
330351170
1963189718
726795879
-1124964701
-1485972995
229405788
1097852264
1479268659
-214907438
-1625198367
1330691998
-390793005
-613451444
-613456693
-1656722161
-1272865660
-349610851
-238224547
259133963
-1959257829
1542384047
-144123080
-1262332836
845062247
-1122138504
-8580059
-1538576453
-44241256
-682741614
-469424879
-254588
1338042846
566939146
180346456
375423917
653989968
-2000210057
-1393122234
-1041654028
355602447
-916959410
1477957081
-1750049705
1645888939
1291106933
-1983226932
1039586761
1142021316
116395541
-1073962032
1392010786
362176244
1276806836
-456029156
-770537386
-64717588
750558338
997327656
2134898153
-202359332
1422330098
1978818484
-494749534
-1847181032
-2105208436
1105638670
225518462
-515049992
-89641983
-1053710443
1071965927
-2040074753
241258367
860718456
1963635749
568700222
1856866118
-1324898365
-1828445163
-737239814
473995899
-1247649892
-63646441
-1737882484
-825107140
886174665
1701770316
233712776
-1908637964
-515018124
1455597057
-1978200031
1562765807
-1007396046
-1862860443
561856716
-2064512976
1410753857
-1628793982
-1803231198
-1493794430
1719330321
998546794
-454568950
-597997876
-963011579
2042593712
1064081686
640155305
1817108858
132650266
-28485843
1323509560
-1938715641
-1330329964
-622257045
1344340271
1280375814
-812461466
445866564
-844261322
2072387667
-1464404823
687096047
1457421426
1021997651
207769335
-592579327
-1035075233
322186808
-425495199
-1490904233
436934114
-135836798
350672549
1753171769
2070284702
1614739912
1076425632
736089787
-416033914
-1012161097
1892686337
-290379418
-85545550
113101403
1868207679
-257057512
-1317791114
1276514973
-697724724
690615592
-1175607631
259493644
2122320522
287772621
1513291106
228656095
-716133250
1241451967
-1149689728
-1839295686
-387162429
-53817314
2110511881
362104752
-842081600
2030497939
1953218651
471745289
1558555805
1473091509
-130265917
-1570794172
-1753131022
-1637034579
-1533346989
-1192427553
-1041787967
1299669275
-13540104
-1084544683
624480678
-488120261
971095243
-485227289
-2050325428
1691164739
1074675111
1336111775
-2026186461
7855888
-1150198533
803167121
983161167
2122910464
-372910368
465489507
-397466141
952737057
-1998919827
2045239312
1042465614
-1046253174
-341686966
1580487912
-2059229163
-2002468343
1837805955
1944671706
2072380098
-504486146
-78434146
-77679115
701131547
2047165062
-1498398481
60197932
1448506007
1518631387
635281961
151922009
1894795277
-926785287
2127331896
-2145545596
1980654254
-334381947
-934862002
-1966385308
-495753163
-404406806
257969980
-196215515
2011546204
-315597371
-837407742
1338871147
164009873
1477507202
-1904917079
-795657834
-2074928406
-1050439353
-50208433
-1342852537
-829003947
-1449238768
-889524862
221573923
1690393107
426608666
-429186095
2103477974
-1442766746
-145936507
540159904
-1718646949
-45847416
1979988276
-797381060
-530456967
-823491105
-1599281161
899750958
423004816
-44652433
-1004094996
-1980628012
-67441771
-15374448
228534049
1447625004
1546869850
837355488
-795531650
-1523716365
689806354
-1846737798
1318427874
119066862
-1278096364
575681383
-1104340341
129453958
1330578911
623394132
2137885370
-908732262
1101843806
-1999086459
-1590904426
360282513
1635443564
-1968138487
-318057392
-1493907795
-1561510759
-955652049
-543275129
-7117913
1309286446
-898167496
538222574
773652855
-437472402
-1394022067
-43101908
-399907470
-1047628514
2048963763
427132675
441470362
-1934725817
-910595268
149841075
-1647098319
-208333510
1068838400
1065440928
-1410284401
2061515733
68324429
-221881806
-1435100363
1433561603
263776219
-1260232708
404691745
307596168
1716152388
-1164563424
1387624035
1662574590
-1705168462
347101424
573257711
1831761946
-477834535
2143969241
-331062091
105694003
1722818088
-648885124
286333422
-1726156539
1492050490
879033885
-1564820295
-188273743
1307981202
101784384
-1204023578
-210113016
905005447
-440591471
1539652880
840563208
1687681149
91360260
940194288
1243394982
90407765
1299640636
-322241808
1718019021
-515034586
281865264
1875536382
824584102
-1995846612
-1556708084
1029841059
188452890
1047534336
-542228396
-668057517
305280404
937946377
1976492623
1127087110
-2010856437
-1532867790
-806222686
-1570068729
-710851777
-1221405219
-1460673990
-50307829
952803138
-1456636650
833977711
-2055170172
-1427393223
1424689163
-1835760538
-1269283785
-22550429
-1916133444
-461203530
-1738002164
1630634842
-1570123538
-1716267187
-711466716
1890478489
2058729828
-44639852
-182968528
-176693954
208360529
-1510575919
-1601445632
-211133169
-1622992376
-1083710771
-1516023718
2017910466
-1252038923
645035702
-870445811
74901880
-1068606000
-876118714
-1981350844
815355018
-435472114
1940928291
-112379617
-866799992
2134818715
239680905
2038626943
-296710018
533057734
-679915227
2059698721
-1711578759
-1887421571
-1739869372
-485070610
-761377207
987321529
-1825280723
-2018780016
1134786951
597623099
1279732170
-1896177080
1897310169
47392376
-741374579
1770779390
-2000884620
376354513
-146540400
-118061927
274471394
1909247238
-1602568450
-1772137328
2030172933
-1209562388
932864945
-375126079
-40396709
49786718
2008404252
-248843391
-1794306686
-1331488911
1520307307
-1786633229
1513009919
-1812619541
2087845608
-1665666147
-721641414
572724212
756478368
-1930622920
-2023110196
-204983795
-884302010
-448214841
33046525
88856642
-1800798122
896966890
1476153736
-1923027301
-837405315
-949770893
-676817248
-876826921
-1433193417
1515810361
2074159159
-1826864036
710023610
-2096350932
854886269
1945106280
-95205358
-1627411799
758970790
-1347332211
891990412
2080816911
731208688
-1823663781
2033383000
1138278802
137933796
-2006934690
-1373489047
1627282510
1448345563
1419134538
-977417824
-1158212193
235277251
1265319029
-543680472
883478191
-1778299357
207359108
1083604259
-13625520
1358958939
488463209
716362118
1564568331
-780440272
-798967412
-1706627776
2109254520
1847186568
1962219336
1919841441
1341483983
-1655555215
1914014872
-2081581063
-1485315649
-83027609
1672505361
-808343169
-954495106
1742523350
1469823251
1256893813
-326501600
1392188637
1246480699
2005616776
-1286535380
-19795372
-235718373
1240379516
-106053524
-1213110000
-1053051859
-1082490104
1087747333
1437982821
-96374780
1141679870
-1936316218
-1845184021
1315629763
-1058825297
1539422916
1286525317
861510867
-256779636
425349158
-1208749665
264737232
710094608
384718908
-678246474
670112963
967125213
-931283498
59055389
-1352066154
1920076837
984357331
1296062461
1093238212
-294656949
172686072
831424668
-845610417
-1018454839
161502978
-678131998
-1671798537
-86883245
427456765
-203561959
-1941417304
-1547116995
-77332266
-191908620
977612083
-2145032679
1281345583
1584363474
247203393
-1688082012
-977420174
-1183081661
2099024259
-1949508383
18292264
1537697994
-1887818194
-901247866
-1903073909
287594468
1846138790
-2028350825
1181559897
-1614869175
633466233
-1232441007
-1981897494
2121697905
-300284274
-415123384
544949892
-1478995623
1930970013
1559713747
-1737939218
85229702
-910371615
373982887
1831983427
-1385616566
951297804
-356786751
-1260132857
-1179356603
-1589679237
135171721
-95735681
452010030
1137733547
1661228852
515497276
609865427
-1142097942
1891228009
1398836729
-81078178
926421329
-635488473
986580646
247175385
650055409
476256741
740003780
271303667
2005214795
-572225542
332179955
-1855335677
-221782267
2040671295
264103624
-1138503859
-420591141
425980914
1021836004
847510660
46150355
54929117
746151233
-1448138864
748798644
1075535286
-1692792881
-1324180079
-1704770632
-678626615
-1504563905
770445090
-84148864
-751302444
1111881757
-1470766111
-847094713
1971233841
-628775132
-1295597009
656594778
1638158906
617781965
-1902424268
-374073
1263397608
1638869033
338520869
1808775252
2044983485
-845658896
-1284739639
-487283789
2061546211
1814388952
-1088542920
1616018931
-1560218219
-1120141269
-920082202
-1088498632
-69083970
1229581203
-1916724513
-2078853714
1477108959
1297221944
912007507
1723925690
218019381
-2017119476
-805267883
1043900274
803929626
752983653
-479880225
-572601521
-1204684117
568895691
-1403958759
1474932769
294558890
-1557914093
2034073050
-1580487102
138306470
-1766765652
144477038
-943756274
-1834330023
-963021512
242211225
2094888594
1874512208
-1524335010
2004789468
-1691995774
1704439249
-1077158434
261851894
-31042960
-867052808
-1660867099
978013869
1787517755
151992099
6090145
-922197042
6342597
1662465935
-587249640
1149893489
201712360
-1027509181
271971381
1462134913
645363369
756321836
605520419
1373406330
663210926
1276126089
871737822
-335012748
-682447891
-848318840
-796037369
-1954436511
-421372762
2120886833
-1191891465
1210703506
232113042
-1798528637
79029781
-286933633
992422748
-1156838180
612259180
-48736825
1161190224
130883997
-290211465
-1561111947
405796434
-1071187955
-586331841
-1865945724
-451455728
2026875773
497335463
-1374288219
-1772662917
464541869
632780038
-525376962
-737040014
1733303918
-470213898
186733750
564926144
1918633096
1829881195
871849455
1117063752
-2121536291
1139736071
-275941101
-1121336194
1602417358
36714155
1146168468
1397380377
1464589533
-932412335
834430573
-406879226
-923237230
999863064
625365165
23188895
116742307
-105773152
574147125
-533717476
537943374
-45923945
1511235519
-2005444535
1883590409
-761351276
-685694685
-602623111
794217310
1409385507
-1704931627
-1661596486
-1034509297
-1199477728
-584000590
1166821193
-1027751808
-1914206648
-1100511493
-148490168
-1932119722
-55573492
2115605153
979507630
-1371514278
-795878488
190536130
240040062
-695839069
-597769356
1344162675
1454690875
1967061748
-1353380230
-1591423552
1687442842
494148194
1215446600
-1893544720
1281915513
454422842
-1394975226
448887564
1870718224
-1887446496
2084928202
-744422494
-403879835
1940959611
-461517526
-1965344826
-61064187
1008438032
-1885444078
406222425
-366659344
-1592025619
1368228056
-563587955
-356453932
2053147272
-1119181683
-1564751192
-1905100162
1230397222
1264217749
1466362119
991359629
1088355969
220107898
1377327461
-1422350488
1978191012
-696100100
1107636317
-1176641167
-1228356070
1834010732
105108268
442159226
-50567865
1561012281
1053357500
66145143
-665191916
208384971
1411904733
2122340213
-906209326
942240911
2089291989
993044939
-1566507689
-229657774
2069122074
-1993696882
1509825389
936151251
88339037
-2043333559
-586670739
1811899282
-1615459382
-1662686739
1182046246
-45508882
-784711538
1627358214
1094894338
-617592978
-1647972199
102521903
-957358229
-1883223970
-1413708892
-674822712
1954558570
-539378019
1809724789
207544037
-1460964207
168991925
362865249
5586057
-16393189
-1623438292
-542468078
-853727725
1525491025
-1551230951
962457226
1771492344
831733038
555429113
-622563993
673703346
1316385349
-1652276797
-1255964312
-1001618697
-1305391134
1495416377
1456260655
92068910
579503983
-775916928
2005051464
-1157251554
1011846169
2008167410
-2112445590
-483775256
-1094007629
-1238830285
729194747
-892388809
-95389734
-1970462846
691223257
-380466507
-982788520
-1406047407
-1193220521
-247513408
-1058551859
1260209686
-315470971
-1180945827
-2004525684
1529126755
785009844
801753196
1592528834
894453556
1638433336
-829115107
-42063651
-1510244473
83570287
931560354
645792554
-1488940238
105770498
-2032954587
-6882112
-2036890128
45918314
198338300
-827898468
-685297220
893813942
-421157349
-1865028595
-1183160990
1087694474
225940938
-825046190
-498083758
-1958299798
-1270129769
-1361821567
-1370159177
-1391427528
-1421577587
1606470057
352932039
50730747
-887898203
-1087311046
-1559765924
770368737
-398657156
1608005541
-791924797
-105772922
1994282822
-1918257857
669939412
86497398
47168258
1928846954
588372802
-1772975632
659409646
1411155958
-1919910604
1483735021
-877089219
-668403260
882237716
-1705834912
255156487
1257498028
-451811675
-683508290
-1501834367
-1714067296
905682267
1973500607
487278701
-826312175
1308396006
1305321062
-1063147821
-278696559
1410478351
-1793840577
1114223345
1039887033
1161624520
-1803512601
-937467281
-514261172
-1959737219
1175266001
799588311
1346908060
-1972585040
-1268234426
1284837699
-2090292948
-429575740
914674093
2145072727
-829097066
-104612840
1219046156
38498673
1644821423
-730938537
-1930008626
-793243617
1107211496
1783307533
497562054
1360766673
327126262
-1044409730
-807743885
1765462991
1701150133
959143602
-827013755
-190136980
913082697
335411668
1487268768
-519782533
-470102906
-1406155331
-1421486753
-157090814
-1973693551
-121606198
-629672293
-1312242899
894047431
-1093067787
2098983404
-153811323
953857501
914205987
-1728783249
-1152627871
897449799
1050263226
-522552887
-2006265700
-670490147
1407918966
1207153772
-1983456376
1860448956
1410661757
-1024862695
1721131041
700547434
-146553936
821576869
-1649772411
-403592131
-1199847357
984925951
1717985187
481957628
1412502671
665359984
186573619
-1354127418
-547312090
1855111205
1454014693
524414514
-598697689
179346154
-2034654500
1300830391
1318923220
1659983160
1913761629
1702583374
730826593
180739953
1547493315
-1160203691
924994062
-1752254871
-1561587018
1597378742
1456918135
-1245883864
-614003300
1955037256
583961642
500645101
-1690640050
1003140469
1489071482
-807070090
2115855887
-718270692
883109522
1673004926
-1359478087
77209527
1431771596
1511287175
1786458936
-534108992
166901059
1182312153
1908376124
-1995304880
-754633306
-1088186679
-91231702
1196099849
-1000158641
560847422
1413796179
291079222
-732948845
129891441
-1563028121
-1875485136
635137115
1956076531
-516040149
-1895394045
-218719245
532684788
-408088727
-457078448
-256021214
1870314945
-995237336
-847255180
981603706
-1399598450
291474717
1210821353
-268812304
617436533
2075802721
-169101844
-2055439954
-1338219074
-176097181
-1590941856
602347559
1807694176
1718799391
-1798419214
-1916343188
956624840
2074843791
1192869756
-1847240771
2079935704
-130525342
834289582
-1245014685
-1442668494
2062128875
-2035533589
507137468
564157621
-290805412
1941180016
-847395177
-1126357945
743617843
-518351173
-1464843070
-17871915
-901217037
-1087674071
-1149799712
965680023
-1230439401
-1634213407
1574625663
-1321578600
1059809091
883687409
-7670680
-2062508939
1174281148
-1418690123
-803679943
-680706972
-142009830
-106437761
2040931121
-1809987464
-1179932612
-1656085388
-190003126
-396959198
-857401733
-1090685516
-1125401715
-2088013574
841491489
742930365
-1836592991
2136176831
-1877231844
-1961170416
2084836516
333171612
-1350378770
1645670677
161409085
1177033900
-1817101593
-404662725
1256072945
-1979369792
-2138010730
1058989667
-1696206922
-350135457
1863227260
-1230417282
5956293
60624397
2048058115
-1671219596
-2109085516
-1564028976
-594142290
386607687
-1919101245
551063279
-865810800
-1630781064
1162118261
-1934242051
666493442
-11756375
-193583518
51760405
-713724273
652276099
-1847393717
-210426778
1534989107
1603677401
1638846575
48150257
2082230469
1177588493
-346399204
-950804847
1158740144
-346946894
505234824
748169787
2031082217
-370197133
713215713
-458937465
1768087324
-296330446
684412577
-2024859537
1896414504
-1735996557
-1982556889
-1377090219
1072154830
-440563461
-782154877
1700117322
-354581340
1444832180
-1916790383
1120104077
1609363535
-292715309
-1756262072
-2103256751
-73710096
-2107993796
-1686414509
614792898
-785638690
2123435556
-411135775
-2128274870
-101836906
-942150664
2040442553
1791328015
1535556335
1174690685
257207696
1736207296
-1453679471
69357879
1193986974
-1095510383
-2062359897
-1963500785
-510469266
583759235
353885907
1697295407
-1361957899
998016744
-387709342
-913865936
372989414
-1332535770
-1047414336
-679653769
1033878084
-244778822
-1271296210
-430755109
1684463160
-2117460096
-220326735
1186650251
-850079708
1085003824
1660763469
-892820945
-1309421065
-593319125
-2052133517
538292812
-468155198
1972142456
1203460791
-718118164
2051813771
2125471496
1066087109
-53079171
-1001239711
283344193
108969365
547582201
-1162117456
-2057385543
-1973915938
1495702599
-1463164458
-268825278
-314926393
1260704480
1208949494
-1360019674
1182745060
-1045725770
1382453003
387893427
-5494688
180800080
1853550143
1516944633
-1103844235
-257543623
-1641565828
981551313
-1612836828
-1804102501
570187075
1228414754
-877516254
-374880730
1395695037
1093068127
-138956271
-1849574603
-759853041
156558419
-211379217
1091809331
-1174287118
-435519200
-1421723949
617870395
771426433
458408580
-1972763947
1660238334
-684106923
1270441566
-426937778
1148490473
-1307735858
1536576368
12454465
-622233465
1433720499
-822135962
-1923181032
-1950185437
-4568579
-226156265
237331090
1428149425
1127111919
-1519200502
772977659
1944449773
1113293418
328612410
-811865186
1320362948
-894498178
-587817699
1549734008
-804110093
-604816316
527840994
-625365203
836587502
-210716438
561859322
1138312511
1316740866
-1067811826
1370604762
-343233667
-389574467
1300827472
1185303550
-1787743303
-1289520755
-1883326686
-23587792
413494717
-939969626
553113313
-217911798
1850132350
2073611561
-1914201559
-1975034952
1753906322
262599810
1542634852
-216617470
2038794463
-1659435247
150937508
-1374327415
982946452
694478348
76038066
-1436249008
1513095005
412923298
-1613367705
1439062910
890349778
905767524
1664352825
-786718367
1560601647
853625056
484325400
1514351542
1361367370
1969994638
1967025530
758401575
-1914166079
944382704
1213624244
-1547526892
750838130
-1857649676
1996594316
1041302677
-1887849169
-683591524
694087691
-912917569
29355186
-670365984
2137889686
-504110042
-20696370
1167016402
-1426884033
436995491
-2134143257
102521091
929429080
-723827113
-1070770524
-1751418331
2130916425
287039215
1439827682
1332619505
-1328376157
-2003333335
1309816811
-357371573
1730211700
-1463150955
1259610343
-81750110
1115550428
1043068320
79257234
1169779613
-1081753888
-1703298354
-686427857
143565043
387615870
2026659910
1921295804
1575342746
1180687872
-1667531373
1627151974
59839523
-821444971
-620080728
-426971586
-1083427484
-1633163492
-462624475
-1373537235
1677204567
767417411
1057154264
-753819355
876042561
-84518448
-1212570491
-1159088743
-1837278954
1288806206
1654643177
476447278
-1525425637
-1307348597
-1496266756
-1205614670
-206534963
942597712
-784485769
407261773
468638465
1010519057
455098773
92113909
664844108
668910550
-867639780
-725695961
673444
1028677626
1126713758
-925396269
54794822
-983770046
-727451908
957232279
524853210
-847887567
146335531
830574128
-1495247403
193467545
518590010
-1238445779
-1712168417
651084149
-1431599981
-1918268444
2062905077
1502253302
-1395128192
-2014419286
1352069647
1012089563
-947219471
394788925
-882032123
1112736517
-24900996
-88040059
99294701
-2096856502
584663972
-955080580
789678921
2071545993
1309799773
-977995159
13053472
1676317693
854409935
-2076177069
-410353814
262691286
286913370
1262137524
-1666808400
1654602757
-1853057574
-853127827
-328731660
-1578661801
184423467
2124170490
-515190067
22844613
-1111393553
1115559910
1643583446
542969097
-1815610994
1063059329
-328937655
-792066700
966155902
-1806373169
-756630554
-1100749058
-681602109
920792770
-1302032103
-419329890
-223617095
-134739540
-1577309349
1863256540
-1188237807
-1475200530
1574136535
780616356
282780952
-1486745611
-816147375
1651760219
-1200157889
735282023
1591303235
-1691523017
-1168850729
-373972072
1528758344
961939147
-1441672677
143989570
248517310
1478391009
418604403
-879838347
1163058341
-1139895925
1546455543
-1370799668
-1509590579
1871163772
-257185231
-46871071
1769411376
-490187885
1096181543
-477513214
605019036
1100876472
1666424727
1140312868
975811221
-429149973
268478340
1537600535
-1252683400
1576482714
305066993
-1958615045
-1347934493
-489445070
-601768212
-1056253966
313148500
-143577097
-1443665971
-383240170
-1842347504
1277572632
-1866853441
-1171728467
1378073925
941748989
171397759
-645654373
-1484761998
443152868
-682177692
313209367
-1568127482
805936555
-1518586210
-1981846879
821925191
397622766
1809917634
-35816141
1962449269
-159329964
1799841413
1337826742
-1774576850
780288294
-1823674681
1516949687
-1430821868
-610440671
-1980057389
1242270298
233120940
-282274164
-336072475
-85931890
1999656073
872908171
-1705030421
-1111483262
-1788710743
-999468107
382503824
966809431
-928990178
1593366756
1393844085
-185086442
-1920178448
2020659021
-931575103
-1977194269
872660801
593516495
-1235996965
1192554866
-513617742
-1124159601
-1437625226
1289114810
-1826351611
1717840580
-926879795
2007944169
-1314381565
1653835983
312173871
-441442153
-1107993440
-1967393394
1143722430
-916881347
514805084
-880194575
75897971
-107179288
177665003
2107469260
1703416676
-124729047
-270780904
-240728850
399923529
-1053223601
-1985842715
-1825226381
-377739460
-766540841
-2036818185
95447382
-518068545
-1823643869
1185391152
-639218358
-2025658365
1092487786
-1061177443
1238660809
858699879
609558512
788010643
2026447724
-1110516418
2057395830
750924820
1225548157
450098901
2076639730
-1557903498
52814282
-1822322765
1861559171
939849030
-154299717
-968614878
1258560670
567034985
1742887079
-66523666
-1168479859
-834911868
-1818003614
-1581571988
622378778
-324668259
1226735898
-139149123
553994119
918916354
1821171299
-752634284
297351872
47900521
360268687
483798964
202589651
-616443304
-1405704381
-421881986
421819807
1310700742
834113094
817583530
-1779132213
150108930
2121121948
-270606060
-1311355654
1780936148
-557335597
-1558649542
1943153468
-1399138335
-1218283876
-1778286524
1815332807
5348691
1297828252
1047780675
1891268838
2129144249
160895364
-1931104579
-744810192
1270831147
2106646110
593317225
1050622205
362953137
-1768700886
-1226539210
1065448214
-65020444
510173353
816982674
409852075
-735673898
1337584247
-953845272
982034569
1474840878
-1644372641
1330721641
265078155
-1007688297
768645098
-1904326386
951492689
818794587
12123705
-1275534114
-397965264
-198378934
-1088129516
1055618412
-1858562200
-139979296
-485961662
239042211
284405404
497475494
-313199846
-642501947
324809598
-14874408
1043995226
-942205007
-1529313591
-293951417
623427638
-1400161180
430466420
-960998015
646611892
-342900031
1503897892
-1889054162
1006870582
977191316
-1321198623
-95394372
-1113863592
130663124
-344698100
-1431154882
-2015918596
734618152
1190708624
-1411714671
29903266
1682558892
-473460392
2061802944
-1616182532
-287950092
1322165248
806559657
-133050175
799107664
-1865467186
769814752
604964289
1997144657
-2053050909
-258787886
-341522119
-593673844
-1581401427
924805421
-1071781784
799224989
-1067466337
2017712511
589933921
-999578002
600877860
32595229
1289604899
-1958522695
-1223301168
-113057723
2036256486
1181552843
-1960558632
-750538361
-1574938953
-940366711
-579312188
-1918652320
-1145803450
182498232
161054818
-1876082137
691639038
1840523640
635822077
2125148460
-1897587626
-1042341359
-1252437297
-1926571491
-1222091418
-969871119
2130693299
-261534805
-557548867
-1269497099
-406956514
-2147468178
-1928727695
207528167
-146311600
1775368966
-1950467978
-1058023865
-860910395
746699906
-1628248781
1528922190
-1251422734
-742920956
499084626
-349255377
1370871597
1791518372
1787253719
1917227935
1595739628
-1286950252
-1048297612
1997118103
-2091499983
-1282230139
-1209237478
1097091416
466562117
-1761968055
-1165764141
-1478520913
-293925469
1976822202
-1729255218
-931907974
460070199
-421298471
-1057705285
-1650427798
-889864504
380879929
-613533351
1178067721
1829299633
-1943884898
2023957068
2002895871
-1956400425
-1551823648
-310163405
-591747440
-62358058
750143765
1251231994
-690903704
-302006915
-346522642
-489790100
-863857510
-1079278724
197910369
1890534923
473581542
-785744037
-327006840
-470566621
658667834
2100542638
-123876152
-270090724
923210619
-575434617
1070084661
-767200752
1662969220
235235883
407004725
-1835224675
-1291976338
-1876067577
1917208419
1392411643
-2015867887
-1259312668
-1056004171
-1304779952
-1096875829
1238795609
209190880
-962152894
-949211777
-284481151
275674362
-1002959154
1130064608
-656388882
1535382625
-361102761
872371439
550070493
1582590427
738799362
-862484542
1461727402
-267856898
49103424
-316463994
-1523004282
866335442
-927984469
-425188666
1433570150
736824500
2007641878
-1899499028
273498174
-214784644
300551390
-750899448
156941934
652837858
-1164136570
-462523696
-395892356
-145624803
1580423043
-319652889
-1716909052
-1476985140
753628755
-479577759
-1233294868
2146041625
404434387
-672958073
-1237892645
-274932964
1979052242
-1220067114
261435883
1872817020
1050810592
-1449718451
1576088476
-1779943588
1773241708
1000638952
628204300
-2136916621
-1986226163
-2037221785
366347620
-861688964
754983455
-1760180397
2141536917
1273407441
-262924398
-799391166
-627489212
-320892590
-1076225282
-891413927
-1183892478
942823819
501233401
-489926382
-972891456
1426775317
1986353324
-208281794
-2079427711
671669820
-1812832348
-1945769395
-1202669743
1126073826
861132517
-1492284979
-1200330635
-2007265630
-636638395
-565714640
1428515555
-2070053320
1730376438
1409257937
-159258636
868192543
476387939
-1215641287
1254979927
-1939129221
-250017216
-933007459
725061449
2018798137
182065884
1588935339
702907906
-1128606860
1108153
192129157
1518607986
1891376410
-1646961059
-492427507
178998829
2040044239
-92371094
-2001147037
882547362
-892937200
-1544290068
2072329643
-595364973
-422549605
1177918194
564935955
1375355073
146032910
-1597833377
185294867
-2088888602
171070670
-2116652543
465712375
1821525991
1143752234
-1845297694
-55236966
-689683895
1769479103
1660396510
150030707
-1884589084
2085705245
-1506910603
856782037
723002327
558693546
-177795358
-1190843278
58816444
-2104587066
-868505748
1671306784
1347557403
-516278480
1763452667
-95340577
-1397348317
-1409085529
1238776301
1055169050
-687569770
779752148
-172649430
1888741933
-1291289083
-2018695578
847730805
113821991
-101678531
-839682178
-1684266747
287142608
-2047252223
-71902386
-1349943980
-1053046547
-986359816
1004541436
-1272645322
-477409598
-1052216856
1451633611
-2059402964
163895511
-253442780
-1512103812
1397569529
2125133055
108145987
309512434
680333686
-1601024363
1827019794
-227110124
1994966690
1498780425
-1684374069
1162045430
58717949
973380250
-885904250
-12252101
-530674923
1867962724
-2087934225
-153836876
1041607776
-1109042019
-1934492104
1701197133
1061938764
-357509093
-843370671
-460625880
2097530004
431786009
-733324458
-1043612918
78217941
2043603769
275354441
-1988821770
-1915379360
99981516
719203073
-1249061353
-817138863
-1149651119
1516881761
-1657369630
-458491424
-1580804293
-833512501
-1871813765
-472473353
-1315031561
1830259415
-1641134504
631156995
-1777554131
2094538303
-567964380
-1954182642
2084164165
-1166308834
1701319909
-1334510579
-2088039892
-854118567
-585694624
-2041163658
-1241672361
1992315229
893900731
1259854102
-582559737
-353897718
999604324
-159639520
-1401265457
123932398
772486961
-1809132152
-202801325
-4088138
1457285833
1278064017
1441285457
1036658144
-1786444735
-595123036
-480216091
-1525238859
-1655163895
-1037325212
1457179400
371953782
-374068983
1670579710
1210777945
2117011925
-1545316858
-325616187
-1569426912
653071014
1209542987
-1213236227
503820175
2118691286
-199550332
-1258928394
1072375114
-2014823269
1306866412
691425884
-302754008
1862891501
-1746308182
-545738803
-2005940165
-1136902860
930725496
-742230868
2108804621
42708546
-319937402
-555603660
-1060449236
345474178
-1346912355
-1094937392
-2025991191
462366577
1483045254
1302952872
1245709404
321074766
1914922411
-77192833
-1695218006
-40273651
178491647
-601053765
-963964279
-1787138928
-1662424037
1943833797
860808964
-972104167
526332841
-451802477
1929872251
-329823751
1378810629
1406067330
761654510
-426905203
240074016
573632616
-1353350278
-1814045590
307042216
-1864388887
1304276002
1477982423
-1914923931
765153033
470667986
-222507141
182035686
502084867
888735905
-439255465
-1075137444
-1818038696
-27868586
1633939189
1889530821
-1044777686
745700141
1029700577
-1090993076
1005835465
-1653850150
-1103070888
-588586001
1588560782
2129159630
1782011199
1746747490
-652343832
527233720
-22855082
-1866296270
-1229607245
-1515227058
5792429
-1935789523
-550989616
50227276
2141496662
1929356033
1532491249
1864180925
-2108699813
-1943537373
990375604
-1281732488
1432504306
-1739194638
-2018291725
1729897453
2105372655
-1226530021
-1508789927
-560543199
2051189881
649676606
384188729
924649974
1861133568
-1124739886
-104365670
524009392
-1960274834
1874639941
-1493351786
1725229748
-1034601060
-552385946
1502834147
1349997457
-1329581305
802209799
1033205682
-478409148
602236355
-1974487075
1632602295
1392729271
1901080494
-92281173
1890563464
-142690933
-316388119
-2025410145
-927803605
1594749718
1773697156
-32663812
728619241
-388895057
-1410228104
-348879624
352161640
146213928
1468589273
1930967783
-1548456712
1214151067
-1571432885
-2017781608
58631980
-151705751
1901701045
1059127294
-85286483
422820991
-1528871115
-1403704046
1355592266
-323810597
-976252333
-1961154568
1364365906
1517602894
-325576328
-1430637216
1640763685
741904259
1022764704
1365567790
-927736824
724659519
1222572878
-1246445731
484208441
1831894506
-489064000
818667296
273843267
-1281532083
-1666405020
1613589578
-221802093
-1780647268
1435100810
612305646
-1720963254
995584695
-1173332646
946633034
-1337232044
676332204
-1946972153
454058976
-2135578952
1488107648
2112671812
-1177298971
844742193
-592480209
-1372343305
-924321825
-1902989314
-248241424
-2059379412
362010249
-2140769034
837303996
1666567499
2093652985
1828860638
-675964399
-192825459
555505924
559945214
-699340813
-878541140
794176737
1467527153
820090931
-1864660518
256680203
-1188368451
-1441239053
1508539635
-2137694356
371394339
1794680424
-632233995
2007213751
498716983
-980448799
-512306769
-653450987
189500978
-2112687864
-317431368
-1796013821
471730310
1570700392
2039057826
1843759225
1994094386
2119167023
-1348706960
-1823056305
388542807
-1728246220
1251464004
2047890908
-651000053
-1784281030
977117788
997297376
-2106109075
1760821878
-190324417
-1735457885
-1949361159
524580430
1951869746
1194791773
-33173219
1087087971
24962289
-835033384
998278156
-1833370415
-1705469797
851007828
2141169105
388491445
-1065706259
2074992554
-316824666
558619631
-1087538254
1774739379
-1999997819
1961791528
-43332742
574101993
-1694897153
339984918
1658286218
1230899535
-519838131
1971711486
1049524498
-1594663538
1184014756
-16527238
-415168347
-1977945248
-1385375539
-2072072324
-1717238043
1365733169
-1892781324
3518354
59999613
1331027459
138140863
1425717611
-1160572588
894894225
2070503074
-1049513063
1436115710
1149215927
1804665969
123933847
1804804726
966439184
686221878
-1592323826
-671632886
-388118816
1552220740
-1304499629
-1021692778
1814797876
-2103138164
1984307508
1397244660
1742569544
-997353682
-1958899468
752485554
-440433624
-207155117
-1423001965
-681664507
578908569
1351700793
-1111119791
-1660209922
295202360
1224385166
-31161995
-381560837
1554766052
-29058558
-1801763254
-1637269665
-261490855
-1690083049
371950698
1503991941
1464293917
-1180035781
-59821250
1602893809
-311027042
626300183
1005492420
-1494673208
2123388828
-1915728087
-1922484589
-1988337790
-549219388
1653269904
-195951844
1693471709
973134493
1965472550
973042481
1955825172
-678441049
-1394426413
-300673077
1682969424
1503726529
1191445024
2041369607
1133526367
2019454155
-670759926
-1339166862
967330211
314456971
-1724407528
1180207237
-2004165812
-1639429164
-205250641
-1159320718
1428962505
-62227740
-1379870811
-1954508511
1514949755
1382821902
1975734291
1506265717
296091819
-2123971688
-1375410578
-1233560622
738113214
547549158
-2025696552
955190499
25084326
-824594217
-2044813901
-279678824
1281354652
551105902
424106615
-329356946
1201004299
1450493876
-1407108155
574631410
-1394627889
1018220253
-1365158724
-62025337
-118434402
-1582674007
6855562
1769117030
1951642822
2093715213
-2139324091
-1247509018
1536031256
1389738770
-1118784774
-1745803267
-332681948
1935785468
-1081911290
-233522426
1441006502
-487022675
502161828
-1647848765
-1974547137
738597195
952483783
1199721894
-1982306713
-538034400
-56389846
1048636235
890070689
1656317122
-1830775644
-1834006711
1698070001
760717171
732469696
451951658
1641035147
649038538
-1390444916
-1654984009
-386824244
281162642
-1293609807
1604526456
1517257581
2003324145
1737693124
-1270398854
129723893
-1614081076
1873925850
-2121812654
-933488273
-587365270
1079337825
1574320994
1136288093
2101397079
-866232019
1386024026
-1610349844
1992880778
-1082747951
103910657
-1570290584
-1333422135
1720935728
1623097909
-1440931855
2109972812
-1605623469
1647186480
618587503
-927693920
-2064837765
14423564
868190147
-1035938866
68956282
2120056712
-1305474754
1800055996
761666110
-1590569204
-512115882
1055295186
-1084274514
-335538710
-932166250
-464034336
-2022806600
-45063962
1019783126
1963295038
1202858
1103652600
1486990252
1282722356
-171498303
-1761056689
1453160738
-390925156
550704895
849553817
-390905176
1594549702
-42087615
1737185153
-992265140
-1119507045
2042664080
-789242247
1982222888
698314244
-1600070474
340982457
1408651802
622384268
1700415252
822150278
-1692238662
1395919427
1283959987
329399479
18854280
297156069
2094482840
-2123915916
654486117
-655020996
-590900389
347140929
883292740
1405766338
1152377082
-588004806
-1297824991
-1011124087
2100325354
-1345012832
-1082763471
612587871
525568623
-1926985837
-1207551654
-2011054292
1718248237
-617027808
-773377819
-465648225
1631914493
824668798
1542939761
2033288201
-1978722812
-520652907
-46747606
-1264223864
-820574974
1093975231
1743760187
-202893464
1146617831
-1683674159
1416040576
1989807557
-1560095573
-1300256420
-380862848
-1340719500
314325342
-1901945809
-329071974
-1634043357
1964223614
338487584
-1970986115
-245601346
538412680
130311947
1318215389
1148671508
102764753
1510018843
35475042
692422586
808760725
-668701369
-330405916
-847075025
-83124912
-1380379361
-496988971
-104707776
366300492
1512971976
1154931966
-1835512915
185277307
205451333
-1406107538
1837571597
1737526150
1798821623
985308334
-308160786
15001893
673985894
1181739321
-1441881280
-1725713487
-1220851391
148412202
746071538
879210230
122473891
-489390025
1430433245
-133321395
897514903
1650774237
21259745
-829331734
353614558
-399924771
1728963405
1267724914
-45949713
-1935985434
717403780
1075884753
-265032642
-1320302445
626516444
24038985
-1446916671
-1408616553
956848841
-813006131
231678639
-814426314
-1758594758
-502600817
1562009738
312428790
-2052097726
143526870
1760355680
91829142
-770018565
1068380949
300977229
383719231
-1333105498
618729017
-651459005
1631957241
585919255
1982200386
1406827277
-537681569
876651599
984509461
1474115216
-1348318570
963786858
1493467535
-1494587821
-1652942469
-260631365
450957277
1862478658
99462683
753427765
-534527222
-555252818
-717580441
-647612404
1316299481
1238946200
1150129704
1696544667
-79458092
1728577839
-869033168
1459592840
-1891003484
1658917782
1142944978
848874021
-153287773
54399465
-1818009709
1074073369
1848372399
-1750619007
-692654559
639743039
1166358849
-462812553
-302449533
-944556083
-1793557827
2124975463
-441867631
111559352
-763796726
17010038
316103079
652340823
971555685
940528021
-1144796779
-1706672058
992879730
-2079602682
1418981593
1136394380
-487961708
-1774140641
-86107121
1441353216
1862025597
-866468275
-858038104
493917416
-1810387448
1734373211
-752251174
1825950690
1027906885
-426137612
-2124034345
1266686727
-655490603
-582726810
-776512191
-1475587764
1269139576
-1535353688
-454747428
1921436716
-468152092
-1920440163
50848644
-479611517
-954507304
1946931354
865525858
715570109
728555119
1203026213
900352346
215066671
-467240263
-502030080
-299611705
1978890180
2079391111
195486821
-533267350
132372956
-347051642
1124380818
-1598442850
-1887356560
2129016718
-1095619705
-1926300975
-419580807
548045884
1440666637
931142191
-1913018990
236061373
-634954246
-1232474721
-2138397733
1310705900
-722235725
1558341106
249044257
-2101393249
842456562
-1443032231
-2048594373
431229502
-795615543
-1052216296
-508584522
1613888660
543077607
1715796601
-414638924
-1710592535
1610291736
-1221460478
1964782096
1468465743
-791234542
1627130857
2124280774
-858965188
-1391928723
1104890567
-1723731310
-1472568231
783072499
-876092020
-1324155946
-1412367976
-1617167846
-1881820749
100373952
1305336460
-293413426
1055360182
-170419797
-1626546444
1973461106
-566367038
-182808378
1078567064
-2078159320
-1502854994
-160647437
-222130600
1696816720
-327533783
190498801
1251056769
1666269007
-291007181
1263729340
-898685342
-33858927
2074760142
-1125396685
-1631005409
-928492336
865582324
-1374187013
-1033920572
1625132693
-801953845
1420933795
1581070492
1799891199
643636247
-670988280
318929859
-1981082942
-821005073
-945848581
-1080708358
-458071694
-217941325
719433504
-1840201030
-586384639
467019836
-2016615912
1530696843
1345180550
807538517
-1345906462
1625838229
-626244801
-1886678934
-1658193026
1799374967
-1620363047
1227970943
-308666669
1773239639
1671580654
2076860515
1676821714
2032425785
1717302222
1669188644
-1746928934
472512404
996304513
1892385221
1933654622
157077794
1819075596
-182171602
472444868
-223406345
-2017463821
-1471432861
1483377552
1366150357
630672127
613246713
-1561656895
1734435006
-438794431
-898494524
100129658
-353794615
1375322198
-1908894507
785071845
-210016199
1274525163
2099390371
258871636
-1027174709
1726690947
1038089095
597137320
-1774846642
1485164663
291781741
222050550
969436281
280629054
2134850760
-1535948953
697543416
-564934418
-1379070266
-831130785
-2014020665
277430274
-1442382651
-419967776
2091746755
1993743709
-2012244732
1346074417
-95606658
-167934321
868695197
-817073478
-1000650158
-1558129578
455245234
-856612559
-1890749512
-1196642970
567968998
-411670533
1951452122
-1934194324
-895254001
-1750559540
-874591642
25223248
1822154793
174286992
-66407772
-948139589
258115725
-497193843
1606626250
142741720
74556769
-378473016
874809998
-1905917859
473864018
-1607000
1437442045
1203202764
-260631936
-378396967
-2114838133
-727174411
-440494406
751081843
411237994
-401418048
1842263787
-1300899494
-663341537
764005929
-1710234669
1813777383
-1937963951
-1181181814
233287161
869263815
-955222557
-48283104
-497765665
-1868730845
-668353723
-1137385529
-1858098825
-869901311
-1216558073
-1668927736
-1184087594
454899177
1048653742
-1158573995
-1553216473
-1148875829
1442709451
477225362
1067375329
856736544
-1735690424
1065221335
-1401793476
62700878
-540171515
421191540
-1244158240
-1622409136
-1840183390
809155893
-1564535329
1636124054
-1121234786
-1562147866
-1235857435
1336054569
-871408479
-1086614759
675071406
389432082
1571109653
-1757172698
-738036809
-1169253124
1709960954
-319725966
1146950455
-670636520
-965473542
-439520268
80406096
171903808
1235188411
-982638091
-1139174526
1092700510
-1543238284
626852374
-1631927201
-575703025
-1160538686
-1418389609
1614248836
-200811902
-117067076
-1916443435
984503751
514562726
1412208196
2026427668
-1453839699
-1810935164
-1231070048
-494109057
-2100183010
1365264360
-1673934520
-144080788
-1600092837
-1628488121
-1566933759
461898211
-833386193
-1906572580
-892995286
1001722976
1661017956
1454053139
-240778155
-1603436840
1861544312
1092689195
742540312
-1281641223
-2073479535
-1185551594
-452452315
-1129873738
-1067323731
-1381275741
-834321768
1398412290
929987869
-781019682
-1940305520
-1996377894
1551593011
835416758
-984056320
611050889
1697887290
2146601184
-2061327417
-385997017
1392297894
830037755
1770927869
-1616354206
-795339124
1058350069
863611535
1642439296
-433621165
-1618920020
1553562637
-1480923484
-151416148
1135189464
2012426434
-2115702961
425621695
506134823
157454341
-1385594327
-1609312858
-797606743
1485287118
1170821633
1373337886
-977273490
-1840144245
-2091138798
-171563653
-2050908564
1799545140
1814954888
1692916188
-1190135642
-792081252
-1420597694
-1949693024
-179318389
316192522
-315834920
-1304198376
-765998181
495876872
1929986526
-156971139
-918880944
-965111686
-572303254
1420002852
-584347077
386728177
186652115
1885192432
1518590572
-1350578879
-547326789
91394055
71724055
2143590480
-555775408
-1866247481
-1437844621
-523195600
-657900850
205335547
1415695589
-1673091472
-676777401
1313408329
1325589854
1292530863
617227686
1970525679
2004245760
763974257
-480665615
1405624494
218232839
1775894325
-1968906291
-680731387
369650150
1099328454
151488839
917323682
-2141067600
538016209
1399664593
533730837
-1637751111
-1721720649
-1814889335
1079814598
1946353789
1096453028
-1941506879
1054236201
-1948517185
1367934176
1605805243
1289190959
1074759925
1033749093
246887092
151448831
-1432736797
-845224016
546119203
-1209291291
-797417339
997806299
945434434
1398568842
1046018865
-1492911381
-1883481395
1903740517
-1037157123
140582247
1401986569
553394801
1697790301
-2107717335
-919005433
412322848
1545171472
-1908268937
-1829380823
-1259846513
-1988571843
1032158293
-992715291
1821533434
118639064
-1648159980
699482568
2102983025
940447306
-594873298
-989520450
2051838668
1314647377
-444830379
2062840976
430212059
986897700
-102224695
-929051475
-1424605726
1617157338
-540953367
-1824989652
786530371
1763038219
1123808525
-1993466607
1111707517
2110257335
1507203986
504243150
1521280853
975284070
-1218775755
1406714381
-449110959
-1025173103
-123310684
-745819220
1455284333
-934502848
-156629678
387269641
-2123964663
1047542004
-933080950
-390635138
1261528096
-1658074426
-436415545
1401546031
1116013247
1440491983
1972293954
1718817538
1622650547
1372310218
1525865419
987338222
1395342724
244179192
1198277340
1791196281
-552762718
-938403773
1208789994
726268283
-796820770
-249475674
1422486782
1082256679
-2023015653
-2069763637
452164740
-478840245
-1317038524
-499072523
-1247933853
-372560938
1708371584
2063311648
-1699932595
1031499419
1631053220
2060512101
-1526294697
834495316
124575977
1872090531
-1728706357
-44020504
1928893406
527653723
-1602523075
-1705566480
-548632928
-298528548
926691548
1116729463
642632519
1436655519
-1839382519
-2088151295
-1503504733
-1261583628
1425248045
2025057742
1747890215
-1696404771
-13582649
-1194422945
-1368773339
1570662713
-96506173
944764729
-1646318789
1356746020
-31211502
718862824
1930427917
89804957
925490038
1674989894
-850361293
659258474
2125828509
-81148164
800036725
-1534089672
-52205455
-232368311
-1509241803
-888918779
-23287378
665017858
-480627668
-710567998
-339392844
1135022041
-2065098664
-2017985997
1547937182
342410209
-133439947
-887733222
-300962926
-1821388463
-869102550
-133898605
-478701478
-358873721
-1254448826
1271282625
-1130461389
305198672
-791006165
-705282902
186755301
1120777318
-1054241462
-1516531361
403606291
2093916729
753905744
2083288928
-1675231020
-634424590
933857503
-1464436163
-1777565567
-1931504204
2123017857
-1372644736
583142096
568037668
1211233241
-403865910
1607003937
1971458859
2042311963
-861170885
-1660681960
1338226938
-528803395
-1385219305
600445803
-1153903794
-1152860818
-1331529563
1379257340
957917941
-1543211961
1286319962
-896129750
432146831
-112583105
113599543
-1605029789
-1505949031
1412480484
-1125703569
854584829
-686131033
98584136
713513548
1442008646
9779952
-673065928
-1307015086
1470083033
-685861105
-1751267660
782353060
-535466190
851856136
1153329818
-1141533018
-972924027
-8666232
-228250205
-149950237
754001098
1412821616
-1484026733
1296974129
970528540
-1865324
1523069100
113458451
-1516390589
1088265663
-867962781
-266738595
-2012015473
1588786682
-1255037098
-376329186
169141223
-1899853043
-237561476
1423438777
-1081362399
-1098908858
-781953635
-249485227
1276963731
1789195896
683297541
1579563639
-1946743063
-1388386746
-1441233292
1372670444
-1091178184
-977774943
380979800
-1011962901
1953928531
-235806066
1338144317
-1964658821
316975197
-428431060
-40570492
1775158290
-2070917729
974425845
1288408402
1802692222
-1661709413
-555692220
766349771
362444808
1266820705
1010147862
281569920
-204479530
1552552736
-1564607980
-2141772251
-1222855023
-483675905
-512713008
1467334023
-913437625
161710893
2024548175
298669500
502757521
-586667978
-877029177
-1887047269
-231093000
937077400
1226026408
891111022
-1899667052
-1997355370
-1691547424
-58087450
258327542
1133066571
-565192357
-2012528817
1507782727
112160001
-1462390327
-1367539196
1690466480
1336219331
-2120312669
538581796
1181040380
-126772944
-1986358162
1891875973
-2025544580
338706577
-2136393663
85887720
1588876331
2044439598
-1874398075
-2120345234
-1298396399
-1638532899
263729148
-1861736373
1839137515
875593947
-1310823164
979409592
1753015051
1821328606
-1394344165
-674605010
1175870333
95507050
-1548807003
-805794608
729665131
-2107065501
-1596647187
-309396184
-1054954558
-1218317597
-959204759
-91791083
-578002156
683909965
2045043009
-1130563068
942935999
-1448259166
2031616530
-1575036834
-2009447601
279732754
1722923246
530351169
612405792
899961302
-1351546713
-1511522959
459589192
2015377980
628628045
539182736
1971707059
-1110380285
1383823604
1916727181
-50777970
-1050912280
-708655687
-1934470310
605845737
249019776
-1313724409
1636662497
450329751
-1500497592
1514405398
-1802508488
-2132107176
-1117676294
-2041671244
-756118254
-1911180486
-720549599
552195400
-1155073159
-1078682309
-1542987025
1795517714
2028231609
-987376589
1145958734
394234039
1071032479
1260960496
-2126727372
1645302012
-1582595357
-1734324574
242081595
1265495505
173758690
2131281529
-93729680
-12752750
569693583
-1531639412
-387079062
862776968
1195100843
-2133647620
-155228514
266483637
437258804
-1081803687
-1646549774
-365423152
585360154
290281027
1500361103
654733198
80819512
1793480532
247223803
-1315427293
2102874241
1536319805
-1606260890
1209389831
1589318522
-1370145746
1540082755
-313269251
61209831
-125413253
-790313190
115354448
-1153948471
-602732932
-1015899492
1708758623
-678670201
-1747859276
1814682359
-674083748
1290573418
1656103988
-1358430101
179572560
-790018994
29791041
-734327011
-140826271
-1117061738
-223576524
725313579
-1659082153
1878279264
1875926689
-1349969920
1169095004
-1344937479
-311267141
-1145096728
-1556414717
-899882349
-1957521673
1472538854
-1453692021
1899501621
1249924078
319743429
-991339165
415127794
-1122632057
1364884076
492301297
681438301
-600796076
-1200981386
990337678
219208763
-643314116
488775938
1243150293
1345920122
622877531
258030534
1253387549
-972898718
-1588828635
1934308202
-1422556605
1612292873
-1127430191
-2054830829
-570123860
107176204
-60322316
464601405
-1733072759
1514492283
-1737574805
-467311667
737357660
1393162261
1467762046
622532966
823654075
1463302836
1800870465
-451099142
163550292
-1126032374
69608765
840687780
225803313
1226304909
-1202854576
857995445
-269753797
1745366192
246304465
-275744756
-588845052
-349995181
464879863
-282347861
-176221504
1411351419
-1977750150
-1913441403
-2127845996
975857221
-864758150
-1381628260
72842259
-2058586601
-286243168
1140842571
173347076
-501996519
1340729219
-1613485600
1369464169
1887185123
-892970420
1986141037
-71787588
-1010646921
-479791460
1181997791
-1245938821
2028220785
-1447160916
493353039
-1734899481
366613373
737951669
-1671046248
-684208889
1608780040
-733017709
1727199017
-1825641997
-1439309767
1401962660
556258331
1016215374
-1011724510
919523062
1612794757
1562485523
-1860649166
-662138464
-1942257393
1089821333
746576878
-1979788432
-1486261563
-2073133120
-1436690208
-75149882
1003827757
-1742246236
-1292197169
-1639590977
-987620710
-60532940
-1271435217
-453964907
-1570006846
-2041761974
-27630373
2104941124
-844081266
-297385747
239353089
1382507889
268625457
810342614
862008156
-246952057
1574316924
-1315841744
-1224370519
-634121693
894253679
1910781087
1895416403
-556164431
-690267118
-669411964
16805488
-1720939177
-1476763003
1992537470
-1570927888
-772550127
-41248426
-832231117
471013907
1868976156
-2133793006
-331307953
-1041449445
81132440
-1002638306
1829370316
-691409341
-1081370264
-446010681
24140916
589432559
734027100
359507094
-68312156
-356734684
282117778
-257074967
-1816225711
-45343431
1301700121
-376430402
-1801154992
-1103188786
-934528042
-161618990
-699347503
1006053373
-46369365
-803044630
-2057400020
-991163953
-1431118635
-1889512593
2059967200
-1926238222
1502850453
1496727616
1377019863
-1881319000
-960817902
898016195
-499695122
-1056251391
1412739453
2045325117
904050357
764176715
-391614346
1996714851
626275954
-786898487
-515084371
461954609
-1831575700
-1330400348
-1115569204
-220446215
-750208667
1370745886
-583251564
-2108016194
-1837898393
-1800229875
1521739078
1626668738
513967555
-1571976826
-1495280573
507478877
1441800790
1027659991
-182258442
-510728433
-801141490
-316075845
-1483069199
-1531537447
2025228972
-25575992
820786518
-1319848760
-1069235254
-366233301
1150076280
149521873
1421492768
-242510184
-1722125375
676207844
-982385150
1672248699
-23462699
63665210
1809399852
1502798195
2127495415
-1688953358
56941506
-1351758336
-652937301
1669060827
-1777236847
-2090026630
-1365165667
1357094547
1084016026
-1456794812
2034320577
1181351632
410541009
-628489919
926326458
996006909
1968306466
1063518343
-754714241
-1141711608
-1792691276
1678597459
-1328185796
-1809700742
342992240
1313846843
-1586994571
24329415
-662339644
-255983959
1374956401
-1006011929
-1471080541
1478603911
1541030869
-1207422940
-457101872
496581943
1812383630
1059604533
1021966172
-1526030906
-751326732
-59254644
1077095021
-1441988000
-871523796
451754988
-1179544768
2023672069
605833677
1073511741
2014737776
-1037761668
-530187835
787950755
-1117962889
1435280520
906523005
502002124
-52148619
-1707815847
1939850299
-2109968503
-970606544
-1144199099
-1857713976
796216480
-99499685
550017463
1113155410
-1621264929
1901834779
1756797031
-274062957
200207732
-1893745978
-1696136245
-1335592655
742177660
1700745965
-475998260
-1902143384
963564505
-600929124
-1242728259
1739907302
-902429368
156030944
217877128
-217365259
-827898447
-1467483511
-107903190
-1176727841
-712052799
-2047852496
2031077472
-2114110835
-331233866
97592955
-1949239134
857064817
335203705
-1412298337
-1698881712
189175973
20077041
920032550
-405095381
-333581996
-1018440299
1114569969
637576710
626617176
45949507
1294221952
-2143641412
-832368092
-1028939184
-185791887
-1660101020
68426724
1579695839
1692124742
1137827779
742765282
-1040908426
-1998637461
-1372493822
1180332331
1867777742
578455670
-1536788576
-982420878
2080966889
1273664944
-470449495
278798387
-1263301014
444728787
215176743
-1920066533
37329184
-1386325483
739270873
-1397166938
-832602653
389293157
-1406971102
1372278794
136513443
-921637133
-450278844
-776316589
-1824704579
-992634890
438368973
-1475822642
-259049584
1091839401
1988726353
-1467291477
745819984
690509461
-1591400360
1755112157
356251161
605188629
-265664870
-1668879035
883707719
1863326999
-399609751
1375500046
1688119556
-966314209
-725096082
158526042
1305268257
-74251375
1334533015
1539588382
-100709078
1682187055
-85611441
-496270263
2100944563
1973952991
-1851690768
-1394108117
-981154568
460692658
1693103733
2142437652
-473517403
1720075297
547033204
520449852
-1291028751
1268268696
197337930
-612476702
332969200
1550102328
1225137559
-1222253642
-1622999
-1278122791
-626076436
-1474046341
1567938150
98563405
1487763907
-2107478040
-1730830645
-1252210453
-2044193105
-733132849
-449759702
-1871390133
-399028524
-751133055
1792895125
-92197298
2064387992
1141882479
1078270003
-1329379232
-313382502
-224963564
-1965915817
1639849728
-563149598
-1073029102
-1657721906
529224832
1786438746
-172054629
-122872456
1967437833
2043047037
1576126226
901390873
43406050
1755668814
-1866839311
-1928905615
-418544143
2052247434
-266374420
-466643831
-1392641151
1716655392
1794278231
1348171599
-2111999675
502496480
1545128132
993606501
1585684124
-1898290829
-1308642832
350166837
-1043612906
-1026684021
303965151
1822717000
770271542
-604127398
1693740100
-1391350824
-937752199
1383312711
1110341158
-1595139933
377469335
-1158039073
413279425
-2107934207
-1133018104
-1402056439
-719456087
510960696
894993353
-306792322
-1013292235
-1604986353
-1267990433
-2023778953
-1566413798
-994661472
-1630353893
668178855
1995345237
-2104070542
673201824
991660907
-680072882
-321805625
-646967902
1452940607
-957333702
337107505
-1666042384
157894772
16335296
-1237257366
-148501837
-1708777697
225719263
1486471013
-1631817481
-967620268
-1109200882
598565792
2057188715
-1253465708
-1655063132
697437628
1604024932
875668611
-1509975942
823446606
-1307213273
553101277
1968754382
1233756407
1212438887
47713450
-1794958998
969023409
-171039220
-12590927
-27749884
-771870868
-1665262027
613524265
652291048
-1714438183
1145400192
-517660490
-405761324
-1457289084
-611287416
383031955
-565668830
1949181224
178230959
-1311199989
1123448364
1042162494
-591822308
-807950035
539222507
-345451306
-2080646649
556029375
-1816509727
1133575338
-738443469
1030966130
-381566664
-391927952
-22914372
-1777508265
-1395443157
-2120694161
1117431570
-1527196015
-444147035
-1047896235
-2109848251
167395916
-765509593
562980167
-1798544766
-1092003091
1514882030
-1423143112
-963251747
736439178
-858336172
120242045
-1618690480
481711772
667254902
-318779231
645077251
-765107981
1280809494
-471475338
1935255501
1106655209
-5959229
880953964
1051531258
312043226
981954871
-1297396187
27113806
-575229997
-784427009
1060603720
898057545
1228667785
1603411553
859699604
-520137043
-1143548789
1441497721
1308204088
987059517
40755643
218334117
-840623262
389994950
1502811130
-1702932446
2044239638
-1382560158
-201426142
1468033271
20753216
768462587
-2085816775
1559519249
268594443
2013433358
758985442
-962603857
490932595
-9879119
131641366
397562367
-1888698087
-1625334570
916305940
1214706697
-1744962219
-1660872495
1314555286
-1643120948
-1069835631
-1216441577
448333892
-1540779098
-1185872940
1618903880
-1543635859
1072877816
-1575095395
-324547218
963987956
-1630459895
-1260458510
-1002736505
399564424
-2068962005
-1675966537
-1925402304
1432254231
-2134088165
-1978609853
-566415101
323751044
-1350329683
1837656624
-1711292109
-2105944170
-1272353880
731659378
1854139062
1054089268
1785162734
-584569686
-1439612493
2099137487
-1080264736
-2128422468
1208053148
-675553506
636102400
144725406
-1812714130
1989895953
-109759529
-825935501
2080955447
1479703806
-144048616
-2083625257
-1414710824
-1799792095
-339440892
-272430468
407469068
885501507
15575056
749450229
428731304
945532343
-1993010234
-1702717742
2007405092
2121239181
-1203056408
-1245820692
-1195525287
-1630483198
5769178
-1785097727
511594380
1798324021
-1250289087
1850744962
802376106
-1734844384
828951782
1588672427
-617493035
585339333
171617248
-1125733676
1989125151
-542476633
-2000089870
1163901447
1811946388
-1330236805
-2023271375
364159953
-921855619
243892767
1186422506
1699807325
998660323
-1521557813
-1096861502
-201311810
483860050
1487478918
184712989
1012446603
-579410978
-926460966
19142339
-2101902416
-2003648150
-336349494
-776267839
-767056253
-715549401
920719620
386929549
766330901
-1287966629
1383652178
1814436204
-1986105142
-647558045
1663035990
-331014888
1245188908
1276300283
1116639350
-411982948
-1183350533
869338299
-843814124
-88614269
1663933832
-1060811548
183455490
1089371441
574775618
487188828
-1520433099
-872928113
2037678737
-479627273
798941367
1037049070
673863650
-371392009
767369954
-2045166044
-1213839614
-162209066
-610268470
984957435
2135053743
-1335210174
-2070619397
442180812
-1401180308
-1611413400
-2101016476
1299913830
-1630522219
-1755906188
1277997457
1446514995
486368946
-1659441832
1847907616
572327325
-497990129
1522868941
-743048339
-910749779
-458034037
-1536584553
-184596593
-1851602699
-1206767184
-1293654004
-1840700536
807819440
659162116
-771652650
-753271881
274693159
-1636555874
808315127
739687825
-895536811
1282406907
507189261
1692405136
-1224546355
-96908527
-778238249
-994547606
-436904997
-606610523
-682399241
-1865505914
-666927126
24291545
293033721
348881067
-1745610716
1420199176
-781024621
-856143622
-888738721
266939862
1702207278
-1807768802
-1710574537
-2000736382
85434277
-22472511
-811654793
-1155782275
929030731
235077441
164277436
-643151808
-1608939470
-378161245
-1139668900
-449902502
728661162
485915079
-1042719357
-233793848
564982024
-2109792547
1790556063
-547331448
570577064
1699979031
-264814083
1006941040
-165482188
-1040894304
-1142211660
1709464123
-1031404763
-655465012
-1996569151
1637141988
726763145
-2094907249
1510076275
-532919754
-2054535161
-134430413
922526985
-1705065564
1121462816
-1937173947
1431135385
-630864811
611270327
-884079664
1975770418
1713407619
-609061678
710942669
463723589
477814789
221044386
1209799129
-1826673344
-1719741655
-389360704
-1628219864
1167806331
530438343
-116624455
-387947591
1879189079
1333540754
1853836492
1119274443
833292196
-532022095
224733937
-1982408561
-77870013
1733978509
1296716573
1662262558
1807206156
929295084
-38949180
51927212
-1955805711
-1277170369
1946266527
-830672130
1842119011
-190635465
2121585583
-1921562599
1820532212
-432272483
-262315648
-2087984837
1560388669
-298918046
-116173646
-1165506290
910004993
-1945954059
-1195849035
675180315
64286610
445139924
-668426285
-1417818500
-1162315661
754781030
-1237345165
-980300843
1903418942
-1826882554
-181095781
1036713605
-1387911480
-1296015006
-1963389002
-1022600937
1404739202
253017606
-1478424937
396780798
1888812065
-917284813
-882698819
1157498241
1474927233
-11945995
-1211462184
-639109644
-698028858
-716344716
-410018677
-545163480
-1672245052
-178137463
-102842509
1071767588
-47275104
1899187860
-873077912
126354964
-2088354633
1770425228
-1298287614
-1591627903
-497143106
554093911
1449779039
-897939774
128945961
1128258651
-288140766
474169265
-1308404784
272992340
401321918
473490594
54621904
-1017921433
-459699469
-1388347759
1461270703
1003460727
-2143214952
2055376026
-1038731069
-1916612680
381003419
-1797194067
1372056531
1584442497
2089503046
-1139693695
-1802020610
-1673772699
1688379587
-1035445816
1665220827
1409642371
-968221470
-1594678107
212407009
-761054691
1775932696
1655333722
823874825
1819754343
-1669319990
551916614
39608753
-931173727
-1892598837
1454517005
-1672831037
1426600807
1692959011
-2083991016
2091489558
460521031
-112101870
271634240
706581268
-743869804
-1083165868
124288965
548769180
1208998265
263187109
1174740868
-2015638488
-1923753392
-362377594
892030825
-664580814
-1750718412
-1350258111
-10154207
-471149613
1974138068
-233511381
292625940
-147560531
719731850
1050547241
-1292699758
-1852150005
1396326315
179347572
-39199157
1119471430
-1972388576
-1172417888
-1723290876
788168554
-112410059
-1613149479
2104447624
-367585000
1873290160
-1921611920
-572369188
1314681773
1964176421
420789909
237737909
-1504000605
-1452110968
1982894182
210974254
2002929719
1903883268
251352360
-401178699
-206800564
430100490
-111539245
-185723834
767367055
-2111369812
-1324995373
-829178916
-1852556070
-918160598
-140352243
1078697763
-1912784163
-616656691
1748073759
222025585
1054612987
-82181133
-1115819796
576227831
-82445711
957544299
1457847127
1578762803
-204576835
-187769598
-2065687987
-548044887
1232522813
1607687261
852774665
-1125602607
-1278055659
-253046007
-1101095278
1584588114
-824431018
-1463270960
432641672
441903473
1839847259
1282161486
-1613768159
-1577947965
-1069943946
-2016303165
1854667629
2040576554
1204855500
-1937608151
1723213025
-906463490
1365329789
-786337143
2136233746
1107560329
616661767
1241000330
1963605696
976701113
474228203
-865328822
-1283332330
1960609040
555808145
1764296560
-281621457
-1780612385
1878551656
-804662143
1115754972
141580722
1276172369
1184666739
-900275548
-2005563122
1239186237
868328575
35011339
-558392743
-533818860
-1449100741
1242146071
-1114304487
-444635688
-398899225
-1367431153
-1364683679
-771896566
1601966598
-982716283
-57107833
36614988
-448591312
723088535
-1110251494
-1631472313
1528251174
722540656
415447314
927706830
-293334490
-1635084523
2001957705
-452532925
372158849
603435870
1232543018
-221624263
-483592086
-108399295
-999617625
1985985115
-1167115249
-437291178
-1989313680
125535371
-356602387
1808828566
-1975383711
1075140429
1242745696
-1109449114
-820494789
50691686
1444262521
-2032823596
-677207658
-1630590272
-1730645997
449940255
1268221974
-575998320
-113927384
1380835964
481562845
1869809594
1735512416
1792312599
1626146368
-129731469
395241707
1654597463
1040225724
1975504424
1556081551
1794975078
-1420356822
-955451746
-1179046140
364467952
1934637874
2137301849
-377938305
-1541219543
1291692285
-98290878
1759218060
1997021461
-1440582866
9878147
1544719392
-1373392893
-1503976431
1860724917
-650288146
-277973926
-1831829227
-983061187
-1945712903
2076415127
-922036873
-1215709709
45715306
-763489643
-1767721920
-1184996349
-1932275549
1635302671
1038574961
-1871105256
-2096256621
240989539
-1268616581
-1256943946
-901093301
-1044968040
715326964
764748263
-348138799
-1072938334
-1473047928
-1210405607
-922179276
1233950436
2118350125
-483045818
-963332896
838701301
-759462246
-240867499
-2026243789
1889608358
-1892954119
1366853312
-1093674673
-684639165
183162586
-2017397130
586565425
2146095129
-2137115541
-495594239
1052266498
692521528
-454988826
219962603
-52782675
-1163280262
-656460726
506674782
1494984113
-331850045
-3593907
1024732938
112520503
1702679433
-328919152
293868618
-2016859545
1051476118
-1683597292
-1508299895
1331520246
1335981068
633138924
-953101086
188712963
169307562
258695476
-1750801402
639024931
850424909
-1123060159
-1660249246
1359390906
-635797576
-1227270119
-716982911
1628452748
-1251345769
628082469
281813166
-873468525
-556785472
-1762175708
1186287837
1810010642
509771196
1365105507
2062175178
381072618
-503492730
1193975850
459658082
-1004367061
-878521966
-215556231
263606882
247148781
1129690128
-1539724556
-1648267458
1935850593
1418543985
151868699
1769171267
-774795742
-1538915286
1908661181
1092920319
-415343920
-744896841
1482884526
-800979744
794782175
-940148766
1442326455
1265305370
1095230892
901460292
-167852851
1862445518
708942033
1349996044
-1969980026
-648111000
-638276423
-1786804226
-1648885048
-1500361400
-1640743562
1850302654
897056707
-477512028
987748049
-1740809394
1708273440
-1157478997
-122212702
1270139349
-1705898118
1462605806
1174319202
2078290850
1317137165
682478331
984133118
-106981521
1043867308
1298082379
-1734325779
69602793
1224084472
156174173
621833860
-405368721
-1523809586
-393418718
2052220552
-1101010918
-1802605055
326481819
-1999312123
2130315517
-1998610615
1726930112
-788153763
587685293
-1138059654
-385786973
777325731
1182844675
1194754040
-2036112171
-1525974743
-189049824
280634985
-1686046968
-1356848809
495122097
-832582740
1853519605
-1194969922
-596265101
964238602
-2019925632
-381279636
1899966201
2072098475
-323912679
-1725428863
-1425258836
1434577483
-354736284
1761233666
143361555
944422189
52541467
1431840492
-665948075
899633487
-510330317
1115815564
-274418181
-1561383458
1721975357
-1122399731
-799916295
1753750252
-861425393
1537867602
1275941102
861766751
-844722781
-1630719994
1606571434
787388460
2035996990
289142000
1684997617
531862469
-1471774252
-14058869
406781054
-267520816
-945236310
2049852117
-189794998
960397592
576004925
-1375670169
-702268147
1923045832
-174222238
1200107205
-89254651
445615574
505727918
-323859465
-1454960907
-245309508
682280215
1697929048
-2074958480
-965758355
756019930
337369517
1115395158
496521606
1209250720
222001784
-1410353761
1186728132
1761707740
1227630222
-1342806441
1161543350
-1110269066
-199128089
-602294295
-243988813
2021643437
1483341493
-1562709601
497671693
1033486648
-1839260745
-1469110680
-1182103418
-184811345
-1039287346
-1333206308
656162818
1137812265
1412500688
83900285
1479453566
-513274075
-645536869
41591616
943542592
-1732814419
-1506239635
1783145035
716798032
-581600072
-1669261709
-1345919746
-2071188186
-973336625
1789244319
2146267959
1483169188
1193174772
-1898492482
-1953021998
1534607430
394804158
1608882121
1018228846
847018647
-1915009848
2045536890
-1943675530
-245450010
1917083468
1729091362
105811551
-929646279
-1977143542
1734742969
236205614
-1093414014
101275758
1703646262
1076950077
1513666832
-755713807
-1873877727
539811133
1709300040
-1575337538
-1297671323
-466349954
-1512601196
-1443538791
1124134250
-1277010578
-1742203238
1036641020
-1625568925
887438686
351614128
1230331778
-210666268
119350668
738427792
422424969
-1447542346
1425241437
1813125448
315523857
-1028111378
-601193239
1781221491
-1275043606
1638593852
-1816029251
-192997971
1582494990
-873741952
484358107
-1603596221
-1156185269
-869861214
-1957905147
224035370
1825770533
1840054690
1446773818
828713778
-150750727
1616718573
-1076323455
-1337853061
1373600869
-1728271374
305194468
-1400471257
954004967
1375972341
1309932479
-1115488943
2099912644
-416062941
1967082298
-191474628
1009272874
-270163227
1487355155
-757838641
-349745512
-633901448
-1373707872
512480065
2003681917
1362449597
1381952020
115487504
-363739105
860471885
-1246989824
2106817590
-553588802
1771735760
-161194723
590841759
-791467272
-1107016561
-1783083704
1148079829
-1343738769
-516470458
-1137281843
-582120708
-191693400
1180921918
-309999385
1066716933
1929643830
-1155738213
-648783737
516722974
-1242675433
-1309326606
-1290941612
1858590568
-1965584035
-370471650
1858882803
-1538819092
1939453712
1569160020
1079404679
-1342620722
-929777838
1871973235
1428199547
419169731
-865050940
-235984992
